sep=	
t[s]	Mv	Wv	Ph	Pf	T1	T2	d	angle
0.10	502.00	475.07	483.87	504.40	7.70	25.80	26.35	47.70
0.20	501.67	499.51	515.15	503.42	7.74	25.75	52.69	47.70
0.40	501.67	478.98	514.17	503.42	7.76	25.70	52.69	47.70
0.50	501.67	463.34	505.38	502.44	7.73	25.70	52.69	47.70
0.60	501.67	503.42	514.17	502.44	7.76	25.75	52.69	47.70
0.70	502.00	495.60	486.80	503.42	7.77	25.85	79.05	47.70
0.90	502.00	499.51	515.15	504.40	7.74	25.80	79.05	47.70
1.20	502.00	472.14	479.96	504.40	7.68	25.65	105.40	47.70
1.30	502.00	475.07	518.08	503.42	7.79	25.65	105.40	47.70
1.50	502.00	502.44	516.13	504.40	7.80	26.06	105.40	47.70
1.60	502.00	466.28	477.03	503.42	7.71	25.90	105.40	47.70
1.70	502.00	505.38	521.99	503.42	7.80	25.90	131.76	47.70
1.80	502.00	472.14	479.96	504.40	7.70	25.75	131.76	47.70
1.90	502.00	496.58	515.15	503.42	7.76	25.55	131.76	47.70
2.00	502.00	463.34	497.56	503.42	7.74	25.80	131.76	47.70
2.10	502.00	507.33	498.53	503.42	7.77	25.90	131.76	47.70
2.20	502.00	466.28	478.01	504.40	7.71	25.85	158.11	47.70
2.30	502.00	501.47	516.13	503.42	7.74	25.90	158.11	47.70
2.40	502.00	486.80	505.38	503.42	7.74	25.65	158.11	47.70
2.50	502.00	480.94	514.17	503.42	7.74	25.60	158.11	47.70
2.70	501.67	502.44	516.13	503.42	7.77	25.90	184.45	47.70
2.80	501.67	491.69	507.33	503.42	7.79	26.16	184.45	47.70
2.90	501.67	500.49	515.15	503.42	7.74	25.44	184.45	47.70
3.00	501.67	501.47	488.76	503.42	7.76	25.75	184.45	47.70
3.10	501.67	509.29	521.02	504.40	7.71	25.65	184.45	47.70
3.20	502.00	493.65	509.29	503.42	7.74	25.75	210.80	47.70
3.30	502.00	501.47	516.13	503.42	7.70	25.60	210.80	47.70
3.40	502.00	490.71	511.24	503.42	7.74	25.70	210.80	47.70
3.60	502.00	495.60	488.76	503.42	7.77	25.75	210.80	47.70
3.70	501.67	501.47	517.11	504.40	7.70	25.60	237.14	47.70
3.80	501.67	494.62	512.22	503.42	7.70	25.85	237.14	47.70
3.90	501.67	498.53	519.06	503.42	7.74	25.49	237.14	47.70
4.00	501.67	495.60	510.26	503.42	7.77	25.85	237.14	47.70
4.10	501.67	502.44	516.13	504.40	7.70	25.70	237.14	47.70
4.20	501.67	496.58	514.17	503.42	7.73	25.70	263.48	47.70
4.30	501.67	502.44	521.02	503.42	7.77	25.60	263.48	47.70
4.40	501.67	496.58	514.17	503.42	7.77	25.90	263.48	47.70
4.50	501.67	502.44	516.13	504.40	7.68	25.55	263.48	47.70
4.60	501.67	503.42	520.04	503.42	7.70	25.70	263.48	47.70
4.70	502.00	482.89	484.85	504.40	7.65	25.39	289.83	47.70
4.80	502.00	495.60	514.17	503.42	7.77	25.80	289.83	47.70
4.90	502.00	502.44	516.13	504.40	7.70	25.60	289.83	47.70
5.00	502.00	497.56	514.17	503.42	7.73	25.80	289.83	47.70
5.10	502.00	502.44	520.04	503.42	7.76	25.49	289.83	47.70
5.20	501.67	495.60	512.22	503.42	7.77	25.90	316.17	47.70
5.40	501.67	496.58	513.20	503.42	7.77	25.75	316.17	47.70
5.50	501.67	500.49	519.06	503.42	7.76	25.55	316.17	47.70
5.60	501.67	495.60	511.24	503.42	7.79	25.90	316.17	47.70
5.70	502.00	502.44	516.13	504.40	7.71	25.60	342.53	47.70
5.80	502.00	495.60	513.20	503.42	7.71	25.96	342.53	47.70
6.00	502.00	496.58	486.80	503.42	7.79	25.85	342.53	47.70
6.10	502.00	502.44	516.13	504.40	7.70	25.60	342.53	47.70
6.30	502.67	508.31	492.67	504.40	7.70	25.60	368.92	47.70
6.40	502.67	495.60	489.74	503.42	7.76	25.80	368.92	47.70
6.50	502.67	501.47	516.13	503.42	7.71	25.70	368.92	47.70
6.60	502.67	490.71	511.24	503.42	7.74	25.75	368.92	47.70
6.70	502.67	503.42	515.15	503.42	7.76	25.70	395.31	47.70
6.90	502.67	501.47	516.13	503.42	7.71	25.60	395.31	47.70
7.00	502.67	462.37	508.31	503.42	7.74	25.49	395.31	47.70
7.10	502.67	502.44	491.69	503.42	7.74	26.06	395.31	47.70
7.20	502.67	492.67	508.31	504.40	7.77	25.75	421.70	47.70
7.30	502.67	499.51	515.15	503.42	7.76	25.44	421.70	47.70
7.40	502.67	465.30	501.47	503.42	7.74	25.80	421.70	47.70
7.50	502.67	502.44	516.13	504.40	7.79	25.96	421.70	47.70
7.60	502.67	489.74	507.33	503.42	7.70	25.85	421.70	47.70
7.70	502.67	481.92	513.20	502.44	7.77	25.85	448.09	47.70
7.80	502.67	499.51	515.15	504.40	7.73	25.75	448.09	47.70
7.90	502.67	503.42	520.04	503.42	7.77	25.55	448.09	47.70
8.00	502.67	482.89	504.40	503.42	7.76	25.65	448.09	47.70
8.10	502.67	508.31	490.71	503.42	7.79	25.96	448.09	47.70
8.20	502.67	467.25	478.01	504.40	7.74	25.75	474.48	47.70
8.30	502.67	499.51	516.13	503.42	7.77	25.85	474.48	47.70
8.50	502.67	507.33	521.02	503.42	7.79	25.85	474.48	47.70
8.60	502.67	470.19	478.98	504.40	7.70	25.90	474.48	47.70
8.70	502.67	479.96	514.17	503.42	7.77	25.60	500.87	47.70
8.80	502.67	465.30	476.05	503.42	7.76	25.80	500.87	47.70
8.90	502.67	505.38	521.99	503.42	7.82	26.06	500.87	47.70
9.10	502.67	508.31	492.67	503.42	7.79	25.85	500.87	47.70
9.20	502.00	466.28	478.01	504.40	7.76	25.80	527.22	47.70
9.30	502.00	502.44	519.06	503.42	7.77	25.75	527.22	47.70
9.40	502.00	466.28	477.03	503.42	7.76	25.80	527.22	47.70
9.50	502.00	501.47	516.13	503.42	7.83	26.21	527.22	47.70
9.60	502.00	470.19	478.98	504.40	7.70	25.96	527.22	47.70
9.70	502.00	479.96	518.08	503.42	7.79	25.75	553.58	47.70
9.80	502.00	507.33	521.02	504.40	7.73	25.70	553.58	47.70
9.90	502.00	505.38	520.04	503.42	7.76	26.01	553.58	47.70
10.00	502.00	479.96	482.89	504.40	7.70	25.55	553.58	47.70
10.10	502.00	500.49	515.15	503.42	7.76	25.85	553.58	47.70
10.20	502.00	505.38	521.02	503.42	7.74	25.80	579.93	47.70
10.30	502.00	476.05	517.11	503.42	7.80	25.70	579.93	47.70
10.40	502.00	502.44	516.13	504.40	7.71	25.55	579.93	47.70
10.50	502.00	496.58	513.20	503.42	7.80	26.01	579.93	47.70
10.60	502.00	475.07	519.06	503.42	7.77	25.60	579.93	47.70
10.70	501.33	495.60	488.76	503.42	7.79	25.90	606.25	47.70
10.80	501.33	501.47	516.13	503.42	7.73	25.85	606.25	47.70
10.90	501.33	489.74	511.24	503.42	7.82	25.80	606.25	47.70
11.00	501.33	508.31	521.02	504.40	7.74	25.75	606.25	47.70
11.10	501.33	504.40	520.04	503.42	7.76	25.96	606.25	47.70
11.20	501.67	484.85	496.58	503.42	7.74	25.60	632.59	47.70
11.30	501.67	465.30	501.47	503.42	7.76	25.80	632.59	47.70
11.40	501.67	502.44	516.13	504.40	7.79	25.90	632.59	47.70
11.60	501.67	482.89	513.20	503.42	7.77	25.75	632.59	47.70
11.70	501.67	466.28	477.03	503.42	7.76	25.80	658.93	47.70
11.80	501.67	502.44	516.13	503.42	7.73	26.01	658.93	47.70
12.00	501.67	507.33	521.02	503.42	7.80	25.96	658.93	47.70
12.10	501.67	469.21	478.98	504.40	7.74	25.96	658.93	47.70
12.40	502.33	505.38	521.02	503.42	7.77	25.90	685.30	47.70
12.50	502.33	476.05	481.92	504.40	7.71	25.80	685.30	47.70
12.70	502.33	488.76	506.35	502.44	7.67	25.75	711.67	47.70
12.80	502.33	499.51	519.06	503.42	7.82	25.65	711.67	47.70
12.90	502.33	509.29	492.67	504.40	7.74	25.80	711.67	47.70
13.00	502.33	506.35	521.02	503.42	7.80	25.96	711.67	47.70
13.10	502.33	473.12	480.94	504.40	7.71	25.75	711.67	47.70
13.20	502.00	501.47	488.76	503.42	7.80	25.96	738.03	47.70
13.30	502.00	507.33	521.99	504.40	7.74	25.85	738.03	47.70
13.40	502.00	500.49	519.06	502.44	7.82	25.85	738.03	47.70
13.50	502.00	503.42	489.74	504.40	7.74	25.65	738.03	47.70
13.60	502.00	498.53	515.15	504.40	7.76	25.85	738.03	47.70
13.70	502.33	502.44	520.04	503.42	7.77	25.60	764.40	47.70
13.80	502.33	495.60	509.29	503.42	7.80	25.96	764.40	47.70
14.00	502.33	489.74	511.24	503.42	7.79	25.75	764.40	47.70
14.10	502.33	503.42	511.24	503.42	7.79	25.80	764.40	47.70
14.20	502.33	504.40	520.04	503.42	7.74	25.90	790.77	47.70
14.30	502.33	480.94	483.87	504.40	7.71	25.55	790.77	47.70
14.40	502.33	465.30	495.60	503.42	7.79	25.90	790.77	47.70
14.50	502.33	502.44	517.11	504.40	7.79	26.11	790.77	47.70
14.60	502.33	484.85	505.38	503.42	7.80	25.85	790.77	47.70
14.80	502.33	467.25	478.01	504.40	7.76	25.80	817.15	47.70
14.90	502.33	497.56	515.15	503.42	7.79	25.65	817.15	47.70
15.00	502.33	465.30	476.05	503.42	7.79	25.96	817.15	47.70
15.10	502.33	506.35	521.02	503.42	7.82	26.21	817.15	47.70
15.20	502.00	478.01	481.92	503.42	7.74	25.65	843.50	47.70
15.30	502.00	507.33	495.60	503.42	7.82	25.90	843.50	47.70
15.50	502.00	489.74	518.08	503.42	7.82	25.80	843.50	47.70
15.60	502.00	508.31	498.53	504.40	7.74	25.70	843.50	47.70
15.80	502.00	465.30	486.80	503.42	7.71	25.65	869.85	47.70
15.90	502.00	506.35	521.02	503.42	7.77	25.80	869.85	47.70
16.10	502.00	478.98	515.15	503.42	7.82	26.01	869.85	47.70
16.20	502.00	502.44	516.13	504.40	7.73	25.70	896.21	47.70
16.30	502.00	491.69	512.22	503.42	7.77	25.90	896.21	47.70
16.40	502.00	503.42	512.22	503.42	7.77	25.96	896.21	47.70
16.50	502.00	493.65	508.31	504.40	7.79	25.80	896.21	47.70
16.60	502.00	498.53	515.15	503.42	7.79	25.65	896.21	47.70
16.70	502.33	465.30	476.05	503.42	7.79	25.96	922.58	47.70
16.80	502.33	501.47	516.13	503.42	7.80	26.01	922.58	47.70
17.00	502.33	507.33	521.02	502.44	7.82	26.11	922.58	47.70
17.10	502.33	470.19	478.98	504.40	7.71	25.90	922.58	47.70
17.20	502.67	484.85	514.17	503.42	7.80	25.96	948.97	47.70
17.40	502.67	478.01	514.17	503.42	7.83	25.90	948.97	47.70
17.50	502.67	466.28	477.03	503.42	7.83	26.16	948.97	47.70
17.60	502.67	506.35	521.02	503.42	7.79	26.16	948.97	47.70
17.70	503.67	474.10	481.92	504.40	7.71	25.75	975.41	47.70
17.80	503.67	501.47	494.62	503.42	7.82	25.96	975.41	47.70
17.90	503.67	506.35	521.99	503.42	7.76	25.75	975.41	47.70
18.00	503.67	474.10	517.11	503.42	7.82	25.80	975.41	47.70
18.10	503.67	496.58	510.26	504.40	7.73	25.70	975.41	47.70
18.20	503.33	494.62	513.20	503.42	7.76	26.16	1001.84	47.70
18.30	503.33	503.42	515.15	503.42	7.80	25.90	1001.84	47.70
18.40	503.33	494.62	510.26	504.40	7.80	25.85	1001.84	47.70
18.50	503.33	496.58	509.29	503.42	7.79	25.70	1001.84	47.70
18.60	503.33	465.30	497.56	503.42	7.80	25.96	1001.84	47.70
18.80	503.00	482.89	504.40	503.42	7.77	25.65	1028.25	47.70
18.90	503.00	507.33	498.53	503.42	7.80	26.01	1028.25	47.70
19.00	503.00	488.76	511.24	503.42	7.79	25.80	1028.25	47.70
19.10	503.00	502.44	492.67	503.42	7.80	25.96	1028.25	47.70
19.20	503.33	466.28	477.03	503.42	7.77	25.85	1054.67	47.70
19.30	503.33	502.44	520.04	503.42	7.85	26.06	1054.67	47.70
19.40	503.33	508.31	491.69	504.40	7.77	25.85	1054.67	47.70
19.50	503.33	506.35	521.99	502.44	7.82	26.11	1054.67	47.70
19.60	503.33	476.05	481.92	504.40	7.73	25.55	1054.67	47.70
19.80	503.00	505.38	521.02	503.42	7.77	25.75	1081.08	47.70
19.90	503.00	495.60	513.20	503.42	7.83	26.06	1081.08	47.70
20.00	503.00	502.44	516.13	504.40	7.74	25.75	1081.08	47.70
20.10	503.00	487.78	510.26	503.42	7.79	25.75	1081.08	47.70
20.20	503.00	503.42	493.65	503.42	7.80	25.90	1107.49	47.70
20.30	503.00	490.71	508.31	503.42	7.79	26.01	1107.49	47.70
20.40	503.00	481.92	514.17	503.42	7.79	25.90	1107.49	47.70
20.60	503.00	477.03	518.08	503.42	7.85	25.96	1107.49	47.70
20.70	502.33	494.62	508.31	503.42	7.80	26.11	1133.86	47.70
20.90	502.33	478.98	483.87	504.40	7.74	25.65	1133.86	47.70
21.00	502.33	507.33	522.97	503.42	7.82	26.06	1133.86	47.70
21.10	502.33	471.16	478.98	504.40	7.73	25.96	1133.86	47.70
21.20	502.00	501.47	511.24	503.42	7.82	26.06	1160.21	47.70
21.30	502.00	506.35	521.99	503.42	7.76	25.75	1160.21	47.70
21.40	502.00	473.12	517.11	503.42	7.83	25.75	1160.21	47.70
21.60	502.00	490.71	512.22	503.42	7.79	25.85	1160.21	47.70
21.70	502.33	503.42	491.69	503.42	7.82	26.01	1186.59	47.70
21.90	502.33	505.38	513.20	503.42	7.79	25.96	1186.59	47.70
22.00	502.33	467.25	478.01	504.40	7.79	25.96	1186.59	47.70
22.10	502.33	497.56	515.15	503.42	7.79	25.60	1186.59	47.70
22.30	502.33	477.03	514.17	503.42	7.83	25.90	1212.96	47.70
22.40	502.33	508.31	490.71	504.40	7.77	25.90	1212.96	47.70
22.50	502.33	505.38	521.02	503.42	7.82	26.06	1212.96	47.70
22.70	502.33	500.49	513.20	504.40	7.79	25.85	1239.33	47.70
22.80	502.33	502.44	520.04	503.42	7.80	25.65	1239.33	47.70
23.00	502.33	501.47	516.13	503.42	7.76	25.75	1239.33	47.70
23.10	502.33	463.34	502.44	503.42	7.79	25.90	1239.33	47.70
23.20	502.00	502.44	517.11	504.40	7.77	26.11	1265.69	47.70
23.30	502.00	462.37	503.42	503.42	7.79	25.70	1265.69	47.70
23.40	502.00	507.33	521.99	503.42	7.82	25.90	1265.69	47.70
23.50	502.00	473.12	480.94	504.40	7.73	25.90	1265.69	47.70
23.60	502.00	508.31	497.56	503.42	7.82	26.06	1265.69	47.70
23.80	501.33	507.33	521.02	503.42	7.79	26.01	1292.01	47.70
23.90	501.33	471.16	479.96	504.40	7.71	25.85	1292.01	47.70
24.00	501.33	474.10	517.11	503.42	7.83	25.70	1292.01	47.70
24.20	502.00	488.76	510.26	503.42	7.79	25.85	1318.36	47.70
24.30	502.00	502.44	494.62	503.42	7.82	26.06	1318.36	47.70
24.50	502.00	508.31	499.51	504.40	7.77	25.80	1318.36	47.70
24.60	502.00	468.23	476.05	504.40	7.77	25.75	1318.36	47.70
24.70	502.00	477.03	515.15	503.42	7.80	25.70	1344.72	47.70
24.90	502.00	503.42	520.04	503.42	7.85	26.06	1344.72	47.70
25.00	502.00	508.31	491.69	504.40	7.76	25.85	1344.72	47.70
25.30	502.00	499.51	514.17	504.40	7.82	26.06	1371.07	47.70
25.40	502.00	508.31	486.80	504.40	7.73	25.75	1371.07	47.70
25.50	502.00	506.35	521.02	503.42	7.79	26.11	1371.07	47.70
25.60	502.00	500.49	515.15	503.42	7.79	25.65	1371.07	47.70
25.70	502.00	465.30	476.05	503.42	7.80	26.06	1397.43	47.70
25.80	502.00	502.44	516.13	503.42	7.77	26.01	1397.43	47.70
25.90	502.00	463.34	497.56	503.42	7.79	25.90	1397.43	47.70
26.00	502.00	506.35	521.02	504.40	7.82	26.06	1397.43	47.70
26.10	502.00	477.03	482.89	504.40	7.74	25.75	1397.43	47.70
26.30	502.67	470.19	479.96	504.40	7.73	26.06	1423.82	47.70
26.40	502.67	503.42	489.74	503.42	7.82	25.90	1423.82	47.70
26.50	502.67	505.38	521.99	503.42	7.76	25.75	1423.82	47.70
26.60	502.67	496.58	513.20	503.42	7.83	26.06	1423.82	47.70
26.70	502.67	502.44	516.13	503.42	7.76	25.75	1450.21	47.70
26.80	502.67	482.89	508.31	503.42	7.76	25.60	1450.21	47.70
26.90	502.67	502.44	516.13	504.40	7.80	26.06	1450.21	47.70
27.10	502.67	501.47	516.13	503.42	7.77	25.85	1450.21	47.70
27.20	502.33	473.12	479.96	504.40	7.73	25.96	1476.58	47.70
27.40	502.33	469.21	478.98	504.40	7.73	25.96	1476.58	47.70
27.50	502.33	502.44	488.76	503.42	7.82	26.16	1476.58	47.70
27.60	502.33	506.35	521.99	503.42	7.74	25.65	1476.58	47.70
27.70	502.33	478.01	516.13	503.42	7.83	25.96	1502.95	47.70
27.80	502.33	502.44	516.13	504.40	7.73	25.70	1502.95	47.70
27.90	502.33	487.78	510.26	503.42	7.77	25.80	1502.95	47.70
28.10	502.33	490.71	507.33	503.42	7.74	26.16	1502.95	47.70
28.20	502.67	508.31	511.24	502.44	7.79	25.96	1529.34	47.70
28.50	502.67	466.28	477.03	504.40	7.77	25.90	1529.34	47.70
28.70	503.00	467.25	478.01	504.40	7.74	25.90	1555.75	47.70
28.80	503.00	503.42	520.04	503.42	7.83	26.11	1555.75	47.70
28.90	503.00	502.44	488.76	504.40	7.70	25.49	1555.75	47.70
29.10	503.00	480.94	517.11	503.42	7.77	25.85	1555.75	47.70
29.20	502.00	493.65	508.31	504.40	7.77	25.85	1582.11	47.70
29.30	502.00	497.56	514.17	503.42	7.77	25.65	1582.11	47.70
29.40	502.00	466.28	477.03	503.42	7.77	25.85	1582.11	47.70
29.50	502.00	499.51	516.13	503.42	7.79	25.80	1582.11	47.70
29.60	502.00	465.30	476.05	503.42	7.77	25.85	1582.11	47.70
29.70	502.33	503.42	520.04	503.42	7.82	25.96	1608.48	47.70
29.80	502.33	508.31	494.62	504.40	7.74	25.80	1608.48	47.70
29.90	502.33	503.42	520.04	503.42	7.76	26.01	1608.48	47.70
30.00	502.33	502.44	487.78	504.40	7.74	25.85	1608.48	47.70
30.10	502.33	497.56	514.17	503.42	7.80	25.96	1608.48	47.70
30.20	503.00	508.31	495.60	504.40	7.73	25.70	1634.89	47.70
30.30	503.00	504.40	521.02	503.42	7.74	25.96	1634.89	47.70
30.40	503.00	495.60	514.17	503.42	7.79	25.65	1634.89	47.70
30.50	503.00	466.28	477.03	503.42	7.77	25.85	1634.89	47.70
30.60	503.00	499.51	515.15	503.42	7.77	26.01	1634.89	47.70
30.70	503.00	465.30	477.03	503.42	7.76	25.75	1661.29	47.70
30.80	503.00	503.42	520.04	503.42	7.83	26.01	1661.29	47.70
30.90	503.00	508.31	494.62	504.40	7.74	25.80	1661.29	47.70
31.00	503.00	504.40	520.04	503.42	7.77	26.01	1661.29	47.70
31.10	503.00	502.44	488.76	504.40	7.73	25.75	1661.29	47.70
31.20	502.67	496.58	514.17	503.42	7.73	25.96	1687.68	47.70
31.30	502.67	503.42	516.13	503.42	7.76	25.80	1687.68	47.70
31.40	502.67	492.67	508.31	503.42	7.76	25.80	1687.68	47.70
31.50	502.67	480.94	515.15	503.42	7.76	25.65	1687.68	47.70
31.70	502.33	497.56	515.15	503.42	7.76	25.60	1714.06	47.70
31.80	502.33	491.69	508.31	503.42	7.74	25.80	1714.06	47.70
31.90	502.33	484.85	513.20	503.42	7.80	26.01	1714.06	47.70
32.10	502.33	502.44	520.04	503.42	7.82	25.96	1714.06	47.70
32.20	502.67	502.44	489.74	504.40	7.73	25.70	1740.45	47.70
32.30	502.67	497.56	514.17	503.42	7.70	25.75	1740.45	47.70
32.50	502.67	493.65	508.31	504.40	7.79	25.85	1740.45	47.70
32.60	502.67	498.53	515.15	503.42	7.76	25.49	1740.45	47.70
32.80	502.67	501.47	516.13	503.42	7.74	26.01	1766.84	47.70
32.90	502.67	464.32	495.60	503.42	7.76	25.85	1766.84	47.70
33.00	502.67	506.35	521.02	503.42	7.77	26.11	1766.84	47.70
33.10	502.67	482.89	484.85	504.40	7.73	25.55	1766.84	47.70
33.30	502.00	474.10	480.94	503.42	7.70	25.75	1793.19	47.70
33.40	502.00	507.33	521.02	503.42	7.76	25.85	1793.19	47.70
33.50	502.00	478.98	482.89	504.40	7.70	25.75	1793.19	47.70
33.60	502.00	496.58	486.80	503.42	7.79	26.01	1793.19	47.70
33.70	502.00	501.47	515.15	503.42	7.73	25.55	1819.55	47.70
33.80	502.00	463.34	502.44	503.42	7.74	25.70	1819.55	47.70
33.90	502.00	502.44	516.13	510.26	7.76	25.85	1819.55	47.70
34.00	502.00	462.37	502.44	503.42	7.76	25.60	1819.55	47.70
34.10	502.00	507.33	520.04	503.42	7.79	25.96	1819.55	47.70
34.20	502.00	473.12	480.94	504.40	7.70	25.85	1845.90	47.70
34.30	502.00	507.33	494.62	503.42	7.79	26.01	1845.90	47.70
34.40	502.00	469.21	478.98	504.40	7.70	25.75	1845.90	47.70
34.50	502.00	502.44	514.17	503.42	7.79	25.96	1845.90	47.70
34.60	502.00	507.33	522.97	503.42	7.71	25.65	1845.90	47.70
34.80	501.67	502.44	516.13	504.40	7.70	25.65	1872.24	47.70
34.90	501.67	490.71	511.24	503.42	7.80	25.90	1872.24	47.70
35.00	501.67	507.33	521.99	504.40	7.73	25.65	1872.24	47.70
35.10	501.67	497.56	518.08	503.42	7.76	25.55	1872.24	47.70
35.20	501.67	508.31	511.24	503.42	7.76	25.85	1898.58	47.70
35.30	501.67	467.25	478.01	504.40	7.71	25.70	1898.58	47.70
35.40	501.67	478.01	515.15	503.42	7.76	25.55	1898.58	47.70
35.50	501.67	466.28	477.03	503.42	7.74	25.85	1898.58	47.70
35.60	501.67	502.44	519.06	503.42	7.80	25.80	1898.58	47.70
35.70	501.67	508.31	495.60	504.40	7.73	25.75	1924.91	47.70
35.80	501.67	504.40	520.04	503.42	7.74	25.96	1924.91	47.70
35.90	501.67	502.44	487.78	504.40	7.68	25.60	1924.91	47.70
36.00	501.67	498.53	514.17	503.42	7.73	25.75	1924.91	47.70
36.10	501.67	478.98	518.08	503.42	7.76	25.70	1924.91	47.70
36.20	501.67	494.62	509.29	504.40	7.74	25.70	1951.25	47.70
36.30	501.67	497.56	514.17	503.42	7.74	25.60	1951.25	47.70
36.40	501.67	465.30	478.01	503.42	7.73	25.75	1951.25	47.70
36.60	501.67	493.65	508.31	504.40	7.80	26.01	1951.25	47.70
36.70	502.00	497.56	515.15	503.42	7.76	25.60	1977.61	47.70
36.80	502.00	508.31	488.76	504.40	7.70	25.55	1977.61	47.70
37.00	502.00	478.01	482.89	504.40	7.68	25.49	1977.61	47.70
37.10	502.00	499.51	515.15	503.42	7.74	25.75	1977.61	47.70
37.30	501.67	495.60	488.76	503.42	7.77	26.01	2003.94	47.70
37.40	501.67	500.49	516.13	503.42	7.71	25.49	2003.94	47.70
37.50	501.67	465.30	501.47	503.42	7.74	25.70	2003.94	47.70
37.70	502.00	463.34	501.47	503.42	7.74	25.60	2030.30	47.70
37.80	502.00	507.33	521.02	504.40	7.77	25.85	2030.30	47.70
37.90	502.00	475.07	481.92	504.40	7.70	25.85	2030.30	47.70
38.10	502.00	471.16	478.98	504.40	7.68	25.70	2030.30	47.70
38.20	502.00	507.33	520.04	504.40	7.76	25.85	2056.65	47.70
38.40	502.00	495.60	512.22	503.42	7.77	25.85	2056.65	47.70
38.50	502.00	501.47	517.11	503.42	7.68	25.70	2056.65	47.70
38.70	502.00	502.44	517.11	504.40	7.76	25.70	2083.01	47.70
38.80	502.00	481.92	503.42	503.42	7.74	25.60	2083.01	47.70
39.00	502.00	473.12	479.96	504.40	7.70	25.80	2083.01	47.70
39.10	502.00	508.31	496.58	503.42	7.77	25.90	2083.01	47.70
39.20	502.00	470.19	478.98	504.40	7.70	25.90	2109.36	47.70
39.30	502.00	501.47	510.26	503.42	7.77	25.75	2109.36	47.70
39.40	502.00	505.38	521.02	503.42	7.71	25.65	2109.36	47.70
39.50	502.00	478.98	514.17	503.42	7.77	25.90	2109.36	47.70
39.60	502.00	502.44	516.13	504.40	7.71	25.65	2109.36	47.70
39.90	501.33	475.07	517.11	502.44	7.76	25.55	2135.68	43.92
40.10	501.33	470.19	478.98	504.40	7.70	25.85	2135.68	42.12
40.20	501.67	508.31	491.69	503.42	7.79	25.90	2162.02	41.58
40.30	501.67	466.28	477.03	504.40	7.76	25.85	2162.02	41.22
40.40	501.67	501.47	513.20	503.42	7.79	26.06	2162.02	40.86
40.50	501.67	508.31	521.99	503.42	7.71	25.55	2162.02	40.32
40.60	501.67	474.10	517.11	503.42	7.79	25.60	2162.02	39.60
40.70	501.67	502.44	516.13	504.40	7.70	25.60	2188.36	37.98
40.80	501.67	490.71	511.24	503.42	7.74	25.75	2188.36	37.26
40.90	501.67	503.42	494.62	503.42	7.77	25.90	2188.36	36.18
41.00	501.67	489.74	507.33	503.42	7.68	26.01	2188.36	34.56
41.10	501.67	508.31	511.24	503.42	7.79	25.75	2188.36	33.48
41.20	501.67	468.23	478.01	504.40	7.73	25.70	2214.69	32.22
41.30	501.67	481.92	514.17	503.42	7.77	25.90	2214.69	30.96
41.40	501.67	490.71	507.33	503.42	7.73	25.96	2214.69	30.06
41.50	501.67	507.33	512.22	503.42	7.80	26.16	2214.69	29.88
41.60	501.67	508.31	521.02	504.40	7.73	25.85	2214.69	28.08
41.70	501.67	499.51	519.06	503.42	7.80	25.80	2241.03	27.18
41.80	501.67	503.42	516.13	504.40	7.70	25.49	2241.03	26.46
41.90	501.67	491.69	511.24	502.44	7.76	25.80	2241.03	25.20
42.00	501.67	502.44	493.65	503.42	7.79	25.90	2241.03	23.94
42.10	501.67	489.74	507.33	503.42	7.73	25.96	2241.03	22.32
42.20	501.67	508.31	510.26	503.42	7.77	25.96	2267.37	20.88
42.30	501.67	469.21	478.98	504.40	7.73	25.75	2267.37	19.26
42.40	501.67	509.29	513.20	503.42	7.77	25.80	2267.37	17.64
42.50	501.67	467.25	478.01	503.42	7.74	25.80	2267.37	16.20
42.60	501.67	479.96	516.13	503.42	7.80	25.96	2267.37	14.58
42.70	501.67	507.33	521.99	504.40	7.73	25.65	2293.71	13.14
42.80	501.67	473.12	518.08	503.42	7.79	25.65	2293.71	11.88
42.90	501.67	502.44	516.13	504.40	7.73	25.70	2293.71	10.80
43.00	501.67	502.44	515.15	503.42	7.77	25.80	2293.71	9.72
43.10	501.67	506.35	521.99	503.42	7.73	25.70	2293.71	8.82
43.20	501.67	486.80	505.38	503.42	7.77	25.85	2320.04	8.10
43.30	501.67	507.33	494.62	502.44	7.80	25.96	2320.04	7.38
43.40	501.67	470.19	478.98	504.40	7.71	25.90	2320.04	6.84
43.50	501.67	507.33	512.22	503.42	7.79	26.06	2320.04	6.48
43.60	501.67	467.25	477.03	504.40	7.74	25.70	2320.04	5.94
43.70	501.67	476.05	518.08	503.42	7.82	25.80	2346.38	5.40
43.80	501.67	508.31	521.99	504.40	7.74	25.75	2346.38	5.04
43.90	501.67	499.51	519.06	503.42	7.82	25.90	2346.38	4.32
44.00	501.67	502.44	516.13	504.40	7.73	25.70	2346.38	3.78
44.10	501.67	492.67	512.22	503.42	7.70	25.96	2346.38	3.24
44.20	501.67	503.42	490.71	503.42	7.80	25.90	2372.72	2.88
44.40	501.67	507.33	511.24	503.42	7.77	25.90	2372.72	2.16
44.50	501.67	468.23	478.01	504.40	7.76	25.85	2372.72	2.16
44.60	501.67	503.42	488.76	503.42	7.83	26.11	2372.72	1.98
44.80	501.67	501.47	519.06	503.42	7.82	25.80	2399.06	1.80
44.90	501.67	508.31	499.51	504.40	7.74	25.75	2399.06	1.44
45.10	501.67	503.42	489.74	504.40	7.74	25.80	2399.06	1.44
45.20	501.33	496.58	514.17	503.42	7.82	26.01	2425.38	1.44
45.30	501.33	503.42	515.15	503.42	7.80	26.11	2425.38	1.44
45.50	501.33	482.89	497.56	504.40	7.76	25.60	2425.38	1.62
45.60	501.33	467.25	477.03	504.40	7.77	25.85	2425.38	1.62
45.70	501.67	496.58	515.15	503.42	7.80	25.65	2451.71	1.62
45.80	501.67	465.30	477.03	503.42	7.79	25.90	2451.71	1.62
45.90	501.67	503.42	520.04	503.42	7.85	26.21	2451.71	1.62
46.00	501.67	508.31	492.67	504.40	7.76	25.75	2451.71	1.44
46.10	501.67	505.38	521.02	503.42	7.82	25.90	2451.71	1.44
46.30	501.67	504.40	520.04	503.42	7.76	25.90	2478.05	1.62
46.40	501.67	475.07	519.06	503.42	7.79	25.70	2478.05	1.62
46.60	501.67	499.51	515.15	503.42	7.80	25.70	2478.05	1.62
46.70	501.67	465.30	476.05	503.42	7.80	25.85	2504.39	1.62
46.80	501.67	501.47	516.13	503.42	7.76	26.06	2504.39	1.44
47.00	501.67	505.38	521.02	502.44	7.83	26.06	2504.39	0.72
47.10	501.67	483.87	484.85	504.40	7.76	25.80	2504.39	-1.62
47.20	502.00	507.33	521.99	504.40	7.82	26.16	2530.74	-1.62
47.30	502.00	475.07	480.94	504.40	7.73	25.55	2530.74	-1.62
47.40	502.00	500.49	515.15	503.42	7.79	25.96	2530.74	-1.62
47.60	502.00	495.60	488.76	503.42	7.83	26.06	2530.74	-1.62
47.70	501.67	500.49	515.15	503.42	7.74	25.75	2557.08	-1.62
47.80	501.67	500.49	516.13	503.42	7.76	25.85	2557.08	-1.62
47.90	501.67	504.40	521.02	503.42	7.82	25.65	2557.08	-1.62
48.00	501.67	462.37	500.49	503.42	7.79	25.90	2557.08	-1.62
48.20	502.00	479.96	483.87	504.40	7.74	25.75	2583.44	-1.62
48.30	502.00	507.33	521.02	504.40	7.82	26.06	2583.44	-1.62
48.40	502.00	475.07	480.94	504.40	7.73	25.75	2583.44	-1.62
48.60	502.00	502.44	520.04	503.42	7.80	25.65	2583.44	-1.62
48.70	502.00	494.62	492.67	503.42	7.80	25.96	2609.79	-1.62
48.80	502.00	499.51	516.13	503.42	7.80	25.70	2609.79	-1.62
48.90	502.00	465.30	476.05	503.42	7.80	25.90	2609.79	-1.62
49.00	502.00	500.49	516.13	502.44	7.79	26.21	2609.79	-1.44
49.10	502.00	465.30	476.05	503.42	7.80	25.90	2609.79	-1.26
49.20	502.00	504.40	521.02	503.42	7.80	26.16	2636.15	-1.08
49.30	502.00	508.31	490.71	504.40	7.76	25.80	2636.15	-1.08
49.40	502.00	500.49	515.15	503.42	7.83	25.96	2636.15	-1.26
49.50	502.00	466.28	477.03	502.44	7.80	25.96	2636.15	-1.26
49.60	502.00	496.58	513.20	503.42	7.80	26.16	2636.15	-1.26
49.70	502.67	503.42	515.15	503.42	7.82	25.90	2662.54	-1.26
49.80	502.67	491.69	508.31	503.42	7.79	25.85	2662.54	-1.26
49.90	502.67	502.44	512.22	503.42	7.79	25.96	2662.54	-1.26
50.00	502.67	468.23	478.01	504.40	7.77	25.85	2662.54	-1.26
50.10	502.67	484.85	513.20	503.42	7.82	26.01	2662.54	-1.26
50.20	502.33	467.25	478.01	504.40	7.77	26.01	2688.91	-1.26
50.30	502.33	478.01	517.11	503.42	7.83	26.06	2688.91	-1.26
50.40	502.33	508.31	521.99	504.40	7.76	25.70	2688.91	-1.26
50.70	502.67	484.85	509.29	503.42	7.77	25.60	2715.30	-1.08
50.80	502.67	503.42	516.13	503.42	7.77	26.01	2715.30	-1.08
51.00	502.67	501.47	517.11	510.26	7.77	25.80	2715.30	-1.08
51.10	502.67	462.37	505.38	503.42	7.79	25.90	2715.30	-1.08
51.30	503.00	471.16	479.96	504.40	7.73	25.90	2741.71	-1.26
51.40	503.00	501.47	492.67	503.42	7.80	26.01	2741.71	-1.26
51.60	503.00	495.60	485.83	503.42	7.82	25.90	2741.71	-1.08
51.70	503.00	502.44	516.13	503.42	7.76	25.75	2768.11	-0.72
51.80	503.00	465.30	499.51	503.42	7.77	25.85	2768.11	-0.72
51.90	503.00	502.44	517.11	503.42	7.85	26.11	2768.11	-0.90
52.00	503.00	463.34	498.53	503.42	7.79	25.90	2768.11	-1.26
52.10	503.00	505.38	521.02	503.42	7.79	26.16	2768.11	-1.26
52.40	503.00	479.96	482.89	503.42	7.73	25.75	2794.52	-1.26
52.50	503.00	498.53	515.15	504.40	7.82	26.06	2794.52	-1.26
52.60	503.00	508.31	489.74	504.40	7.76	25.85	2794.52	-1.26
52.70	502.67	504.40	521.02	503.42	7.65	25.80	2820.91	-1.26
52.80	502.67	498.53	514.17	503.42	7.80	25.70	2820.91	-1.26
52.90	502.67	466.28	477.03	503.42	7.77	25.75	2820.91	-1.26
53.00	502.67	498.53	515.15	503.42	7.79	25.90	2820.91	-1.26
53.10	502.67	465.30	477.03	503.42	7.77	25.90	2820.91	-1.26
53.20	502.33	501.47	519.06	503.42	7.83	26.01	2847.28	-1.26
53.30	502.33	508.31	521.99	504.40	7.73	25.90	2847.28	-0.90
53.40	502.33	501.47	519.06	503.42	7.85	25.96	2847.28	5.58
53.50	502.33	502.44	495.60	504.40	7.74	25.65	2847.28	5.58
53.60	502.33	492.67	512.22	503.42	7.70	25.85	2847.28	5.58
53.70	502.33	503.42	492.67	503.42	7.80	26.01	2873.66	5.58
53.80	502.33	489.74	507.33	503.42	7.74	26.01	2873.66	5.58
53.90	502.33	507.33	491.69	503.42	7.79	25.96	2873.66	5.58
54.00	502.33	469.21	478.98	504.40	7.80	26.01	2873.66	5.58
54.10	502.33	509.29	512.22	503.42	7.77	25.85	2873.66	5.58
54.20	502.00	486.80	505.38	503.42	7.77	25.90	2900.01	5.58
54.30	502.00	507.33	499.51	503.42	7.80	26.01	2900.01	5.58
54.50	502.00	477.03	515.15	502.44	7.82	26.01	2900.01	1.98
54.60	502.00	501.47	516.13	504.40	7.73	25.75	2900.01	2.16
54.70	502.00	462.37	507.33	503.42	7.76	25.55	2926.37	2.16
54.80	502.00	502.44	516.13	504.40	7.79	25.90	2926.37	2.16
54.90	502.00	462.37	502.44	503.42	7.77	25.65	2926.37	2.16
55.10	502.00	477.03	481.92	504.40	7.73	25.70	2926.37	2.16
55.20	502.00	507.33	521.02	498.53	7.80	26.11	2952.72	2.16
55.30	502.00	474.10	480.94	504.40	7.70	25.70	2952.72	2.16
55.40	502.00	500.49	514.17	503.42	7.77	25.85	2952.72	2.16
55.50	502.00	501.47	519.06	503.42	7.79	25.70	2952.72	2.16
55.60	502.00	494.62	508.31	503.42	7.77	25.85	2952.72	2.16
55.70	501.33	499.51	515.15	503.42	7.76	25.60	2979.04	2.16
55.90	501.33	478.98	518.08	503.42	7.80	25.96	2979.04	2.16
56.00	501.33	465.30	477.03	503.42	7.76	25.85	2979.04	2.16
56.10	501.33	501.47	519.06	503.42	7.82	25.80	2979.04	2.16
56.20	502.00	508.31	521.02	504.40	7.73	25.75	3005.40	2.16
56.30	502.00	498.53	518.08	503.42	7.80	25.70	3005.40	2.16
56.40	502.00	482.89	495.60	504.40	7.71	25.80	3005.40	2.16
56.50	502.00	483.87	508.31	503.42	7.76	25.55	3005.40	2.16
56.60	502.00	502.44	516.13	504.40	7.77	25.80	3005.40	2.16
56.70	502.00	481.92	503.42	503.42	7.77	25.70	3031.75	2.16
56.81	502.00	507.33	521.02	504.40	7.80	26.01	3031.75	2.16
56.90	502.00	476.05	482.89	504.40	7.71	25.60	3031.75	2.16
57.00	502.00	506.35	521.99	497.56	7.79	26.16	3031.75	2.16
57.30	502.33	503.42	521.02	503.42	7.77	25.65	3058.12	2.16
57.40	502.33	506.35	521.99	504.40	7.76	25.85	3058.12	2.16
57.50	502.33	478.01	482.89	504.40	7.71	25.80	3058.12	2.16
57.60	502.33	465.30	476.05	503.42	7.77	26.11	3058.12	2.16
57.70	502.33	501.47	516.13	503.42	7.79	25.85	3084.50	2.16
57.80	502.33	465.30	476.05	503.42	7.77	25.80	3084.50	2.16
57.90	502.33	502.44	520.04	503.42	7.82	25.96	3084.50	2.16
58.00	502.33	508.31	495.60	504.40	7.74	25.75	3084.50	2.16
58.10	502.33	503.42	520.04	503.42	7.73	25.90	3084.50	2.16
58.20	502.33	502.44	490.71	504.40	7.71	25.70	3110.87	2.16
58.30	502.33	494.62	513.20	503.42	7.71	25.85	3110.87	2.16
58.40	502.33	503.42	489.74	503.42	7.79	25.85	3110.87	2.16
58.50	502.33	488.76	506.35	503.42	7.71	25.90	3110.87	2.16
58.60	502.33	507.33	491.69	503.42	7.79	25.96	3110.87	2.16
58.70	502.33	470.19	478.98	504.40	7.70	25.85	3137.24	2.16
58.80	502.33	508.31	510.26	503.42	7.76	25.85	3137.24	2.16
58.90	502.33	468.23	478.01	504.40	7.79	26.01	3137.24	2.16
59.00	502.33	507.33	521.02	503.42	7.79	25.90	3137.24	2.16
59.10	502.33	473.12	480.94	504.40	7.71	25.85	3137.24	2.16
59.20	502.00	496.58	512.22	503.42	7.79	25.96	3163.60	2.52
59.30	502.00	501.47	516.13	503.42	7.71	25.60	3163.60	5.58
59.40	502.00	463.34	502.44	503.42	7.74	25.75	3163.60	10.80
59.50	502.00	501.47	516.13	503.42	7.76	26.01	3163.60	18.54
59.60	502.00	463.34	497.56	503.42	7.76	25.75	3163.60	25.92
59.70	502.33	505.38	521.02	503.42	7.79	25.96	3189.97	31.14
59.80	502.33	486.80	485.83	504.40	7.71	25.70	3189.97	38.88
59.90	502.33	506.35	521.02	503.42	7.79	25.90	3189.97	48.60
60.00	502.33	479.96	482.89	504.40	7.70	25.55	3189.97	57.24
60.10	502.33	498.53	515.15	504.40	7.74	25.90	3189.97	67.86
60.20	502.00	478.01	518.08	503.42	7.76	25.60	3216.32	78.30
60.40	502.00	478.01	514.17	503.42	7.77	25.70	3216.32	95.94
60.70	502.00	487.78	506.35	503.42	7.73	25.80	3242.68	119.88
60.80	502.00	501.47	514.17	503.42	7.80	25.90	3242.68	126.54
60.90	502.00	506.35	521.99	503.42	7.71	25.55	3242.68	131.22
61.00	502.00	495.60	511.24	503.42	7.79	25.90	3242.68	136.44
61.10	502.00	500.49	516.13	503.42	7.71	25.60	3242.68	140.58
61.20	501.67	465.30	475.07	503.42	7.77	25.80	3269.02	142.74
61.30	501.67	500.49	516.13	503.42	7.70	25.96	3269.02	146.34
61.40	501.67	466.28	476.05	503.42	7.76	25.75	3269.02	150.48
61.50	501.67	501.47	519.06	503.42	7.80	25.80	3269.02	153.36
61.60	501.67	508.31	521.02	504.40	7.71	25.70	3269.02	155.16
61.70	502.00	499.51	519.06	503.42	7.80	25.85	3295.37	157.86
62.00	502.00	502.44	516.13	503.42	7.77	26.01	3295.37	162.36
62.10	502.00	485.83	505.38	503.42	7.77	25.80	3295.37	165.78
62.20	502.00	501.47	516.13	504.40	7.74	25.75	3321.73	167.94
62.30	502.00	462.37	506.35	503.42	7.74	25.60	3321.73	170.46
62.40	502.00	507.33	498.53	503.42	7.77	25.90	3321.73	171.18
62.50	502.00	471.16	479.96	504.40	7.68	25.80	3321.73	172.08
62.60	502.00	500.49	494.62	503.42	7.77	26.01	3321.73	173.52
62.70	501.67	505.38	521.02	503.42	7.76	25.44	3348.06	174.60
62.80	501.67	495.60	488.76	503.42	7.77	25.85	3348.06	175.86
62.90	501.67	500.49	515.15	503.42	7.68	25.55	3348.06	176.58
63.00	501.67	465.30	475.07	503.42	7.76	25.80	3348.06	177.66
63.10	501.67	500.49	516.13	503.42	7.74	25.96	3348.06	179.46
63.21	502.33	465.30	476.05	503.42	7.76	25.85	3374.44	181.26
63.30	502.33	504.40	520.04	503.42	7.76	25.96	3374.44	183.24
63.60	502.33	502.44	489.74	504.40	7.70	25.65	3374.44	191.16
63.70	502.00	494.62	512.22	503.42	7.73	26.01	3400.79	193.32
63.80	502.00	507.33	521.99	504.40	7.70	25.60	3400.79	198.18
64.00	502.00	507.33	497.56	503.42	7.77	25.90	3400.79	203.58
64.10	502.00	472.14	479.96	504.40	7.70	25.85	3400.79	205.56
64.20	502.33	507.33	501.47	503.42	7.77	25.90	3427.16	206.46
64.50	502.33	502.44	520.04	503.42	7.76	25.55	3427.16	199.98
64.60	502.33	494.62	492.67	503.42	7.76	25.75	3427.16	197.46
64.70	502.33	499.51	516.13	503.42	7.76	25.55	3453.54	195.48
64.80	502.33	465.30	476.05	503.42	7.73	25.70	3453.54	194.76
64.90	502.33	500.49	516.13	503.42	7.74	25.75	3453.54	195.12
65.00	502.33	464.32	475.07	503.42	7.73	25.96	3453.54	196.56
65.10	502.33	502.44	520.04	503.42	7.82	25.80	3453.54	194.94
65.30	502.33	503.42	520.04	503.42	7.76	25.70	3479.91	200.88
65.40	502.33	466.28	477.03	504.40	7.73	25.75	3479.91	206.46
65.50	502.33	475.07	518.08	503.42	7.77	25.70	3479.91	210.78
65.60	502.33	503.42	494.62	503.42	7.74	26.01	3479.91	214.56
65.70	502.67	488.76	506.35	503.42	7.70	25.75	3506.30	221.40
66.00	502.67	507.33	494.62	503.42	7.77	25.85	3506.30	232.56
66.10	502.67	470.19	478.98	504.40	7.68	25.75	3506.30	237.60
66.20	502.00	501.47	493.65	503.42	7.74	26.01	3532.65	241.92
66.30	502.00	504.40	521.02	503.42	7.77	25.44	3532.65	249.12
66.40	502.00	494.62	490.71	503.42	7.79	25.80	3532.65	255.06
66.50	502.00	499.51	515.15	503.42	7.74	25.49	3532.65	260.28
66.60	502.00	466.28	477.03	503.42	7.71	25.65	3532.65	262.44
66.90	502.33	501.47	519.06	503.42	7.77	25.65	3559.03	260.64
67.00	502.33	467.25	478.01	504.40	7.73	25.70	3559.03	261.36
67.10	502.33	481.92	515.15	503.42	7.77	25.90	3559.03	262.98
67.20	502.33	502.44	516.13	504.40	7.68	25.55	3585.40	273.96
67.30	502.33	489.74	510.26	503.42	7.74	25.75	3585.40	280.26
67.40	502.33	502.44	516.13	503.42	7.74	25.80	3585.40	285.30
67.50	502.33	483.87	504.40	503.42	7.73	25.80	3585.40	287.64
67.60	502.33	506.35	520.04	503.42	7.77	25.80	3585.40	288.90
67.70	502.33	476.05	481.92	504.40	7.70	25.75	3611.77	291.96
67.80	502.33	507.33	521.02	504.40	7.76	25.85	3611.77	294.30
67.90	502.33	476.05	481.92	504.40	7.68	25.49	3611.77	294.48
68.00	502.33	499.51	514.17	504.40	7.73	25.70	3611.77	295.92
68.30	502.33	479.96	514.17	503.42	7.73	25.55	3638.14	301.50
68.40	502.33	467.25	478.01	504.40	7.71	25.65	3638.14	303.12
68.50	502.33	482.89	514.17	503.42	7.76	25.75	3638.14	305.64
68.60	502.33	488.76	506.35	503.42	7.73	26.01	3638.14	307.44
68.70	502.00	508.31	498.53	503.42	7.73	25.75	3664.50	309.96
68.80	502.00	506.35	521.99	503.42	7.70	25.60	3664.50	311.58
68.90	502.00	495.60	512.22	503.42	7.77	25.85	3664.50	312.66
69.00	502.00	500.49	515.15	503.42	7.70	25.55	3664.50	313.92
69.10	502.00	465.30	494.62	503.42	7.74	25.80	3664.50	314.10
69.30	502.00	465.30	476.05	503.42	7.73	25.96	3690.85	313.92
69.40	502.00	502.44	519.06	502.44	7.82	25.85	3690.85	313.92
69.50	502.00	508.31	521.02	504.40	7.70	25.55	3690.85	313.92
69.60	502.00	500.49	518.08	503.42	7.79	25.80	3690.85	313.92
69.70	502.00	502.44	516.13	504.40	7.70	25.60	3717.21	313.92
69.90	502.00	502.44	516.13	504.40	7.74	26.06	3717.21	313.92
70.00	502.00	462.37	502.44	503.42	7.77	25.49	3717.21	313.92
70.10	502.00	506.35	521.02	504.40	7.74	25.70	3717.21	313.92
70.30	502.00	500.49	515.15	503.42	7.71	25.80	3743.56	314.10
70.40	502.00	491.69	484.85	504.40	7.68	25.55	3743.56	313.92
70.50	502.00	497.56	514.17	503.42	7.73	25.85	3743.56	313.92
70.60	502.00	502.44	514.17	503.42	7.76	25.75	3743.56	313.92
70.80	502.33	507.33	492.67	503.42	7.79	25.90	3769.94	313.92
70.90	502.33	472.14	479.96	504.40	7.70	25.85	3769.94	313.92
71.00	502.33	507.33	521.02	502.44	7.77	25.90	3769.94	313.92
71.10	502.33	472.14	479.96	504.40	7.68	25.85	3769.94	314.82
71.20	502.33	500.49	515.15	503.42	7.74	25.75	3796.31	316.80
71.30	502.33	500.49	519.06	503.42	7.74	25.44	3796.31	318.42
71.40	502.33	493.65	509.29	504.40	7.74	25.75	3796.31	318.78
71.50	502.33	478.98	514.17	503.42	7.74	25.55	3796.31	318.78
71.60	502.33	467.25	477.03	504.40	7.71	25.70	3796.31	318.60
71.70	502.67	482.89	513.20	503.42	7.77	26.01	3822.70	318.60
71.80	502.67	487.78	506.35	503.42	7.67	25.65	3822.70	318.60
71.90	502.67	507.33	513.20	503.42	7.77	25.85	3822.70	318.60
72.00	502.67	505.38	521.02	503.42	7.73	25.65	3822.70	318.60
72.10	502.67	495.60	510.26	503.42	7.79	25.90	3822.70	318.60
72.20	502.33	501.47	516.13	503.42	7.71	25.60	3849.07	318.78
72.30	502.33	465.30	475.07	503.42	7.76	25.90	3849.07	320.22
72.40	502.33	500.49	515.15	503.42	7.77	25.85	3849.07	322.20
72.50	502.33	465.30	477.03	503.42	7.74	25.65	3849.07	323.28
72.60	502.33	500.49	519.06	503.42	7.80	25.70	3849.07	323.64
72.70	502.33	507.33	521.02	504.40	7.73	25.70	3875.44	325.26
72.80	502.33	473.12	517.11	503.42	7.80	25.65	3875.44	325.26
72.90	502.33	502.44	516.13	504.40	7.71	25.60	3875.44	325.26
73.00	502.33	462.37	505.38	503.42	7.76	25.90	3875.44	325.26
73.20	502.67	464.32	497.56	503.42	7.74	25.75	3901.83	325.26
73.50	502.67	477.03	514.17	503.42	7.83	25.85	3901.83	329.94
73.60	502.67	502.44	497.56	504.40	7.73	25.80	3901.83	330.66
73.70	502.33	488.76	510.26	503.42	7.76	25.60	3928.21	331.56
73.80	502.33	502.44	516.13	498.53	7.77	25.90	3928.21	331.74
73.90	502.33	478.98	503.42	503.42	7.76	25.60	3928.21	331.74
74.00	502.33	506.35	521.02	504.40	7.80	25.96	3928.21	331.74
74.10	502.33	482.89	484.85	504.40	7.71	25.65	3928.21	331.74
74.20	502.33	505.38	521.02	503.42	7.79	26.06	3954.58	331.92
74.40	502.33	496.58	513.20	503.42	7.71	25.90	3954.58	332.82
74.50	502.33	502.44	491.69	503.42	7.79	25.90	3954.58	335.16
74.80	501.67	475.07	480.94	504.40	7.71	25.90	3980.92	335.88
74.90	501.67	507.33	521.02	504.40	7.76	25.80	3980.92	336.06
75.00	501.67	465.30	475.07	503.42	7.74	25.65	3980.92	336.42
75.10	501.67	502.44	520.04	503.42	7.76	25.75	3980.92	336.60
75.20	502.00	503.42	514.17	503.42	7.77	25.85	4007.27	336.78
75.40	502.00	507.33	491.69	503.42	7.80	26.11	4007.27	336.78
75.50	502.00	478.01	479.96	504.40	7.71	25.90	4007.27	336.96
75.60	502.00	507.33	521.02	503.42	7.80	25.90	4007.27	337.32
75.70	502.00	473.12	480.94	504.40	7.70	25.75	4033.63	338.04
75.90	502.00	475.07	519.06	503.42	7.77	25.60	4033.63	340.74
76.00	502.00	492.67	509.29	504.40	7.74	26.01	4033.63	341.28
76.10	502.00	484.85	513.20	503.42	7.80	25.85	4033.63	341.82
76.20	501.67	468.23	478.98	504.40	7.74	25.70	4059.96	342.18
76.30	501.67	508.31	512.22	503.42	7.79	25.96	4059.96	342.36
76.40	501.67	469.21	478.98	504.40	7.71	25.90	4059.96	342.72
76.50	501.67	500.49	492.67	502.44	7.80	26.01	4059.96	343.08
76.60	501.67	481.92	483.87	504.40	7.70	25.65	4059.96	343.62
76.70	501.67	506.35	521.02	503.42	7.76	25.75	4086.30	345.24
76.80	501.67	498.53	515.15	503.42	7.77	25.49	4086.30	345.42
76.90	501.67	466.28	478.01	504.40	7.76	25.80	4086.30	345.78
77.10	501.67	467.25	477.03	504.40	7.76	25.80	4086.30	346.14
77.20	501.67	501.47	514.17	503.42	7.80	26.16	4112.64	346.32
77.30	501.67	506.35	521.02	503.42	7.76	25.65	4112.64	346.50
77.40	501.67	496.58	508.31	503.42	7.80	25.85	4112.64	346.68
77.60	501.67	465.30	475.07	503.42	7.79	25.85	4112.64	346.86
77.70	501.67	500.49	516.13	503.42	7.79	25.90	4138.98	347.04
77.80	501.67	465.30	477.03	503.42	7.76	26.01	4138.98	347.22
77.90	501.67	500.49	519.06	503.42	7.83	25.75	4138.98	347.40
78.00	501.67	507.33	521.99	504.40	7.73	25.60	4138.98	347.58
78.10	501.67	473.12	517.11	503.42	7.80	25.65	4138.98	347.76
78.20	501.67	469.21	478.98	504.40	7.71	25.85	4165.31	347.94
78.30	501.67	501.47	492.67	503.42	7.79	26.06	4165.31	351.54
78.50	501.67	464.32	496.58	503.42	7.79	26.01	4165.31	351.54
78.60	501.67	505.38	520.04	503.42	7.79	26.01	4165.31	351.72
78.70	501.67	508.31	494.62	504.40	7.76	25.85	4191.65	352.26
78.80	501.67	500.49	519.06	503.42	7.83	26.01	4191.65	352.44
78.90	501.67	502.44	516.13	504.40	7.73	25.70	4191.65	352.44
79.00	501.67	462.37	507.33	503.42	7.77	25.65	4191.65	352.44
79.10	501.67	501.47	516.13	503.42	7.79	26.06	4191.65	352.44
79.20	501.67	464.32	495.60	503.42	7.79	25.80	4217.99	352.44
79.30	501.67	504.40	521.02	503.42	7.80	26.16	4217.99	352.26
79.40	501.67	509.29	521.02	504.40	7.74	25.75	4217.99	352.26
79.60	501.67	501.47	516.13	504.40	7.73	25.75	4217.99	354.60
79.70	501.67	463.34	502.44	503.42	7.80	25.96	4244.33	356.04
79.80	501.67	500.49	520.04	503.42	7.80	25.70	4244.33	357.30
79.90	501.67	493.65	509.29	504.40	7.82	26.06	4244.33	358.02
80.00	501.67	501.47	519.06	503.42	7.83	25.96	4244.33	357.84
80.10	501.67	507.33	521.02	504.40	7.74	25.75	4244.33	357.84
80.30	502.00	501.47	516.13	503.42	7.74	25.80	4270.68	357.84
80.40	502.00	465.30	501.47	503.42	7.77	25.80	4270.68	357.84
80.60	502.00	464.32	493.65	503.42	7.80	26.01	4270.68	357.84
80.70	502.33	504.40	520.04	503.42	7.80	26.21	4297.05	357.84
80.80	502.33	508.31	497.56	504.40	7.76	25.85	4297.05	357.84
80.90	502.33	501.47	519.06	503.42	7.85	26.21	4297.05	357.84
81.00	502.33	502.44	516.13	504.40	7.73	25.65	4297.05	357.84
81.10	502.33	484.85	508.31	503.42	7.79	25.55	4297.05	357.84
81.20	502.33	502.44	516.13	504.40	7.82	26.06	4323.43	357.84
81.30	502.33	462.37	500.49	503.42	7.82	26.01	4323.43	357.84
81.40	502.33	501.47	515.15	503.42	7.79	25.90	4323.43	357.84
81.50	502.33	465.30	476.05	503.42	7.76	25.80	4323.43	357.84
81.60	502.33	505.38	521.02	503.42	7.88	26.06	4323.43	357.84
81.80	502.33	495.60	513.20	503.42	7.82	26.01	4349.80	357.84
81.90	502.33	503.42	512.22	503.42	7.80	25.96	4349.80	357.84
82.00	502.33	490.71	507.33	503.42	7.76	26.01	4349.80	357.84
82.10	502.33	508.31	491.69	503.42	7.82	26.21	4349.80	357.84
82.20	502.33	470.19	479.96	504.40	7.73	25.90	4376.17	357.84
82.30	502.33	507.33	496.58	503.42	7.82	25.96	4376.17	357.84
82.40	502.33	471.16	479.96	504.40	7.73	25.90	4376.17	357.84
82.50	502.33	500.49	515.15	503.42	7.79	25.96	4376.17	357.84
82.60	502.33	501.47	521.02	503.42	7.79	25.65	4376.17	357.84
82.80	502.33	497.56	514.17	503.42	7.80	25.75	4402.54	357.84
82.90	502.33	466.28	477.03	503.42	7.77	25.80	4402.54	357.84
83.00	502.33	502.44	513.20	503.42	7.82	26.01	4402.54	357.84
83.10	502.33	490.71	507.33	503.42	7.76	26.06	4402.54	357.84
83.30	501.67	507.33	521.99	504.40	7.76	25.75	4428.88	357.84
83.40	501.67	477.03	515.15	503.42	7.83	26.11	4428.88	357.84
83.50	501.67	502.44	516.13	503.42	7.74	25.60	4428.88	357.84
83.70	501.67	501.47	516.13	503.42	7.76	26.11	4455.22	357.84
83.80	501.67	464.32	495.60	503.42	7.77	25.90	4455.22	357.84
83.90	501.67	504.40	521.02	503.42	7.80	26.16	4455.22	357.84
84.00	501.67	508.31	492.67	504.40	7.77	26.01	4455.22	357.84
84.20	501.67	502.44	493.65	504.40	7.74	25.75	4481.56	357.84
84.30	501.67	491.69	511.24	503.42	7.79	25.85	4481.56	357.84
84.40	501.67	502.44	516.13	503.42	7.83	26.06	4481.56	357.84
84.50	501.67	484.85	504.40	503.42	7.80	26.01	4481.56	357.84
84.60	501.67	501.47	516.13	503.42	7.76	25.75	4481.56	357.84
84.70	501.67	464.32	501.47	503.42	7.80	25.90	4507.89	357.84
84.80	501.67	506.35	521.02	504.40	7.83	26.01	4507.89	357.84
84.90	501.67	478.01	482.89	504.40	7.73	25.65	4507.89	357.84
85.00	501.67	498.53	515.15	504.40	7.79	25.90	4507.89	357.84
85.10	501.67	481.92	518.08	503.42	7.80	25.96	4507.89	357.84
85.20	501.67	491.69	508.31	503.42	7.76	26.06	4534.23	357.84
85.40	501.67	468.23	478.01	504.40	7.76	25.80	4534.23	357.84
85.50	501.67	508.31	511.24	503.42	7.80	25.96	4534.23	357.84
85.60	501.67	469.21	478.98	504.40	7.73	25.96	4534.23	357.84
85.70	501.33	501.47	490.71	503.42	7.82	26.06	4560.55	357.84
85.90	501.33	495.60	490.71	503.42	7.83	25.90	4560.55	357.84
86.00	501.33	501.47	515.15	503.42	7.79	25.60	4560.55	357.84
86.10	501.33	466.28	477.03	503.42	7.77	25.90	4560.55	357.84
86.20	501.67	503.42	515.15	502.44	7.82	26.01	4586.89	358.02
86.40	501.67	477.03	517.11	503.42	7.82	26.26	4586.89	365.22
86.50	501.67	507.33	521.99	503.42	7.77	25.75	4586.89	368.64
86.60	501.67	495.60	514.17	503.42	7.83	25.96	4586.89	370.80
86.70	501.67	501.47	516.13	503.42	7.74	25.70	4613.22	372.96
86.80	501.67	463.34	502.44	503.42	7.79	25.90	4613.22	374.76
86.90	501.67	502.44	517.11	503.42	7.80	26.01	4613.22	376.38
87.10	501.67	505.38	521.02	502.44	7.79	26.16	4613.22	379.08
87.20	501.67	509.29	488.76	504.40	7.74	25.75	4639.56	380.52
87.30	501.67	505.38	521.02	503.42	7.79	26.21	4639.56	381.60
87.40	501.67	502.44	486.80	504.40	7.73	25.75	4639.56	382.68
87.50	501.67	496.58	513.20	503.42	7.82	26.01	4639.56	384.48
88.10	502.00	469.21	478.98	504.40	7.73	25.96	4665.92	396.90
88.20	502.33	501.47	490.71	503.42	7.82	26.01	4692.29	399.96
88.30	502.33	504.40	520.04	503.42	7.73	25.80	4692.29	402.30
88.40	502.33	495.60	488.76	503.42	7.82	25.90	4692.29	405.00
88.50	502.33	500.49	516.13	503.42	7.80	25.70	4692.29	408.24
88.60	502.33	465.30	476.05	503.42	7.80	25.96	4692.29	411.12
88.70	502.67	500.49	515.15	503.42	7.80	25.96	4718.68	414.54
88.80	502.67	465.30	477.03	503.42	7.77	25.90	4718.68	417.60
88.90	502.67	501.47	519.06	503.42	7.85	26.16	4718.68	421.38
89.00	502.67	508.31	521.02	504.40	7.74	25.70	4718.68	425.70
89.10	502.67	499.51	519.06	503.42	7.83	25.75	4718.68	428.94
89.30	502.67	485.83	509.29	503.42	7.80	25.75	4745.07	433.62
89.40	502.67	506.35	521.02	503.42	7.79	25.90	4745.07	436.32
89.50	502.67	495.60	510.26	503.42	7.79	25.96	4745.07	439.74
89.60	502.67	507.33	521.02	504.40	7.82	26.06	4745.07	442.98
89.70	502.67	483.87	484.85	504.40	7.74	25.70	4771.46	445.32
89.80	502.67	506.35	521.02	503.42	7.82	26.01	4771.46	446.94
89.90	502.67	502.44	485.83	504.40	7.71	25.70	4771.46	447.30
90.10	502.67	503.42	514.17	503.42	7.79	26.06	4771.46	447.66
90.20	503.33	491.69	507.33	503.42	7.74	26.01	4797.89	447.66
90.30	503.33	508.31	490.71	503.42	7.79	25.85	4797.89	447.66
90.40	503.33	470.19	478.98	504.40	7.73	25.96	4797.89	447.66
90.60	503.33	470.19	479.96	504.40	7.71	25.90	4797.89	447.66
90.70	503.33	500.49	495.60	503.42	7.77	26.11	4824.31	447.66
90.80	503.33	502.44	520.04	503.42	7.83	25.70	4824.31	443.16
91.00	503.33	502.44	484.85	504.40	7.73	25.70	4824.31	421.38
91.10	503.33	496.58	514.17	503.42	7.77	25.96	4824.31	411.84
91.20	503.00	497.56	515.15	503.42	7.79	25.65	4850.72	404.64
91.30	503.00	466.28	478.01	504.40	7.76	26.01	4850.72	398.52
91.40	503.00	477.03	517.11	503.42	7.83	25.75	4850.72	392.76
91.50	503.00	507.33	521.99	503.42	7.74	25.60	4850.72	387.18
91.70	503.00	501.47	515.15	502.44	7.73	25.65	4877.13	377.64
91.80	503.00	465.30	497.56	503.42	7.79	25.90	4877.13	374.04
91.90	503.00	501.47	516.13	503.42	7.76	26.11	4877.13	370.44
92.00	503.00	465.30	476.05	503.42	7.80	25.85	4877.13	367.38
92.10	503.00	503.42	520.04	503.42	7.83	25.90	4877.13	364.50
92.20	503.00	508.31	521.02	504.40	7.73	25.75	4903.53	361.98
92.30	503.00	500.49	518.08	503.42	7.82	25.85	4903.53	359.46
92.50	503.00	485.83	509.29	503.42	7.79	25.70	4903.53	354.42
92.60	503.00	506.35	521.02	503.42	7.71	25.65	4903.53	352.44
92.70	503.00	495.60	486.80	503.42	7.80	25.96	4929.94	351.18
92.80	503.00	506.35	521.02	503.42	7.80	26.01	4929.94	351.18
92.90	503.00	508.31	490.71	504.40	7.71	25.70	4929.94	351.18
93.10	503.00	502.44	495.60	504.40	7.73	25.70	4929.94	351.18
93.20	502.33	488.76	510.26	503.42	7.76	25.90	4956.31	351.18
93.30	502.33	502.44	516.13	504.40	7.80	25.80	4956.31	351.18
93.40	502.33	472.14	503.42	503.42	7.76	25.65	4956.31	351.18
93.50	502.33	507.33	521.99	504.40	7.80	26.01	4956.31	351.18
93.60	502.33	481.92	483.87	504.40	7.73	25.70	4956.31	351.18
93.70	502.00	506.35	521.02	504.40	7.79	25.96	4982.67	351.18
93.80	502.00	482.89	483.87	504.40	7.71	25.75	4982.67	351.18
93.90	502.00	497.56	514.17	503.42	7.74	25.75	4982.67	351.18
94.00	502.00	503.42	512.22	503.42	7.79	25.96	4982.67	351.18
94.10	502.00	489.74	506.35	503.42	7.76	26.06	4982.67	351.18
94.20	501.67	502.44	516.13	504.40	7.74	25.75	5009.01	351.18
94.30	501.67	463.34	504.40	503.42	7.80	26.01	5009.01	351.18
94.40	501.67	506.35	521.99	504.40	7.79	26.06	5009.01	351.18
94.50	501.67	479.96	483.87	504.40	7.70	25.49	5009.01	351.18
94.60	501.67	497.56	514.17	503.42	7.74	25.80	5009.01	351.18
94.80	501.67	489.74	507.33	503.42	7.71	25.90	5035.34	351.18
94.90	501.67	507.33	496.58	503.42	7.79	25.96	5035.34	351.18
95.00	501.67	474.10	480.94	504.40	7.71	26.01	5035.34	351.18
95.10	501.67	508.31	521.02	503.42	7.79	25.85	5035.34	351.18
95.20	501.67	476.05	481.92	504.40	7.70	25.55	5061.68	351.18
95.70	502.00	778.10	478.98	504.40	7.71	25.80	5088.04	351.18
95.80	502.00	1000.00	516.13	504.40	7.80	25.96	5088.04	351.18
96.00	502.00	1000.00	515.15	503.42	7.76	25.80	5088.04	351.18
96.10	502.00	1000.00	519.06	503.42	7.76	25.60	5088.04	351.18
96.20	502.00	1000.00	508.31	504.40	7.73	25.96	5114.39	351.18
96.40	502.00	1000.00	478.98	504.40	7.70	25.75	5114.39	351.18
96.50	502.00	1000.00	493.65	503.42	7.79	25.96	5114.39	351.18
96.70	501.67	1000.00	516.13	503.42	7.74	25.80	5140.73	351.18
96.80	501.67	1000.00	519.06	503.42	7.76	25.55	5140.73	351.18
96.90	501.67	1000.00	508.31	504.40	7.74	25.90	5140.73	351.18
97.10	501.67	1000.00	478.98	504.40	7.73	25.80	5140.73	351.18
97.20	502.00	1000.00	511.24	503.42	7.76	25.85	5167.08	351.18
97.30	502.00	1000.00	478.98	504.40	7.70	25.85	5167.08	351.18
97.40	502.00	1000.00	521.02	503.42	7.80	26.06	5167.08	351.18
97.50	502.00	1000.00	498.53	504.40	7.68	25.49	5167.08	351.18
97.60	502.00	1000.00	552.30	503.42	7.79	25.80	5167.08	351.18
97.70	502.00	1000.00	627.57	503.42	7.77	25.60	5193.44	351.18
97.80	502.00	1000.00	632.45	503.42	7.74	25.80	5193.44	351.18
97.90	502.00	1000.00	746.82	503.42	7.79	25.90	5193.44	351.18
98.00	502.00	1000.00	774.19	503.42	7.76	25.85	5193.44	351.18
98.10	502.00	1000.00	946.24	503.42	7.82	25.90	5193.44	351.18
98.20	502.33	1000.00	1000.00	504.40	7.73	25.65	5219.81	351.18
98.30	502.33	1000.00	1000.00	503.42	7.77	25.70	5219.81	351.18
98.50	502.33	1000.00	1000.00	503.42	7.74	25.70	5219.81	351.18
98.60	502.33	1000.00	1000.00	503.42	7.74	25.80	5219.81	351.18
98.70	502.33	1000.00	1000.00	503.42	7.76	25.90	5246.18	351.18
98.80	502.33	1000.00	1000.00	503.42	7.76	25.90	5246.18	351.18
98.90	502.33	1000.00	1000.00	504.40	7.73	25.75	5246.18	351.18
99.10	502.33	1000.00	1000.00	504.40	7.76	25.80	5246.18	351.18
99.20	502.00	1000.00	1000.00	503.42	7.71	25.80	5272.54	351.18
99.30	502.00	1000.00	1000.00	503.42	7.77	26.01	5272.54	351.18
99.50	502.00	1000.00	1000.00	503.42	7.77	25.80	5272.54	351.18
99.60	502.00	1000.00	1000.00	504.40	7.73	25.70	5272.54	351.18
99.70	502.33	1000.00	1000.00	504.40	7.77	25.90	5298.91	351.18
99.80	502.33	1000.00	1000.00	504.40	7.70	25.55	5298.91	351.18
99.90	502.33	1000.00	1000.00	504.40	7.70	25.90	5298.91	351.18
100.00	502.33	1000.00	1000.00	503.42	7.77	25.75	5298.91	351.18
100.10	502.33	1000.00	1000.00	503.42	7.74	25.65	5298.91	351.18
100.20	502.33	1000.00	1000.00	503.42	7.76	25.85	5325.28	351.18
100.30	502.33	1000.00	1000.00	504.40	7.70	25.85	5325.28	351.18
100.40	502.33	1000.00	1000.00	503.42	7.77	25.90	5325.28	351.18
100.50	502.33	1000.00	1000.00	504.40	7.71	26.01	5325.28	351.18
100.60	502.33	1000.00	1000.00	504.40	7.74	25.80	5325.28	351.18
100.70	502.67	1000.00	1000.00	504.40	7.73	25.60	5351.67	351.18
100.80	502.67	1000.00	1000.00	503.42	7.77	25.90	5351.67	351.18
100.90	502.67	1000.00	1000.00	503.42	7.76	25.65	5351.67	351.18
101.00	502.67	1000.00	1000.00	503.42	7.74	25.75	5351.67	351.18
101.10	502.67	1000.00	1000.00	503.42	7.76	25.90	5351.67	351.18
101.20	502.33	1000.00	1000.00	504.40	7.74	25.80	5378.05	351.18
101.30	502.33	1000.00	1000.00	503.42	7.77	25.65	5378.05	351.18
101.40	502.33	1000.00	1000.00	504.40	7.73	25.70	5378.05	351.18
101.50	502.33	1000.00	1000.00	503.42	7.77	25.90	5378.05	351.18
101.60	502.33	1000.00	1000.00	503.42	7.74	25.65	5378.05	351.18
101.70	502.00	1000.00	1000.00	503.42	7.76	25.75	5404.40	351.18
101.90	502.00	1000.00	1000.00	503.42	7.74	25.65	5404.40	351.18
102.00	502.00	1000.00	1000.00	503.42	7.76	25.65	5404.40	351.18
102.10	502.00	1000.00	1000.00	504.40	7.74	25.75	5404.40	351.18
102.20	502.33	1000.00	1000.00	503.42	7.77	25.90	5430.77	351.18
102.30	502.33	1000.00	1000.00	504.40	7.74	25.96	5430.77	351.18
102.40	502.33	1000.00	1000.00	503.42	7.77	25.96	5430.77	351.18
102.50	502.33	1000.00	1000.00	503.42	7.74	25.85	5430.77	351.18
102.70	502.33	1000.00	1000.00	503.42	7.80	26.01	5457.15	351.18
102.80	502.33	1000.00	1000.00	504.40	7.73	25.75	5457.15	351.18
102.90	502.33	1000.00	1000.00	503.42	7.79	25.70	5457.15	351.18
103.00	502.33	1000.00	1000.00	504.40	7.73	25.75	5457.15	351.18
103.20	502.33	1000.00	1000.00	503.42	7.74	26.01	5483.52	351.18
103.30	502.33	1000.00	1000.00	503.42	7.79	25.90	5483.52	351.18
103.40	502.33	1000.00	1000.00	503.42	7.80	25.96	5483.52	351.18
103.50	502.33	1000.00	1000.00	504.40	7.73	25.70	5483.52	351.18
103.60	502.33	1000.00	1000.00	503.42	7.80	25.85	5483.52	351.18
103.70	502.33	1000.00	1000.00	504.40	7.73	25.60	5509.89	351.18
103.80	502.33	1000.00	1000.00	503.42	7.76	25.80	5509.89	351.18
103.90	502.33	1000.00	1000.00	503.42	7.77	25.65	5509.89	351.18
104.00	502.33	1000.00	1000.00	503.42	7.77	25.85	5509.89	351.18
104.10	502.33	1000.00	1000.00	503.42	7.79	26.11	5509.89	351.18
104.20	502.67	1000.00	1000.00	504.40	7.74	26.01	5536.28	351.18
104.30	502.67	1000.00	1000.00	503.42	7.80	25.96	5536.28	351.18
104.40	502.67	1000.00	1000.00	504.40	7.74	25.60	5536.28	351.18
104.50	502.67	1000.00	1000.00	503.42	7.77	25.60	5536.28	351.18
104.60	502.67	1000.00	1000.00	504.40	7.77	25.90	5536.28	351.18
104.70	502.33	1000.00	1000.00	503.42	7.79	25.90	5562.65	351.18
104.80	502.33	1000.00	1000.00	503.42	7.79	26.16	5562.65	351.18
104.90	502.33	1000.00	1000.00	504.40	7.76	25.85	5562.65	351.18
105.10	502.33	1000.00	1000.00	504.40	7.77	25.85	5562.65	351.18
105.20	502.33	1000.00	1000.00	503.42	7.79	25.90	5589.03	351.18
105.30	502.33	1000.00	1000.00	503.42	7.76	25.85	5589.03	351.18
105.40	502.33	1000.00	1000.00	503.42	7.76	25.85	5589.03	351.18
105.50	502.33	1000.00	1000.00	503.42	7.79	25.85	5589.03	351.18
105.60	502.33	1000.00	1000.00	504.40	7.76	25.70	5589.03	351.18
105.70	502.33	1000.00	1000.00	502.44	7.80	26.01	5615.40	351.18
105.80	502.33	1000.00	1000.00	504.40	7.74	25.75	5615.40	351.18
105.90	502.33	1000.00	1000.00	503.42	7.76	25.96	5615.40	351.18
106.00	502.33	1000.00	1000.00	503.42	7.80	26.16	5615.40	351.18
106.10	502.33	1000.00	1000.00	503.42	7.80	25.90	5615.40	351.18
106.20	502.67	1000.00	1000.00	503.42	7.80	25.90	5641.79	351.18
106.30	502.67	1000.00	1000.00	504.40	7.76	25.96	5641.79	351.18
106.40	502.67	1000.00	1000.00	504.40	7.82	26.01	5641.79	351.18
106.50	502.67	1000.00	1000.00	504.40	7.74	25.70	5641.79	351.18
106.60	502.67	1000.00	1000.00	504.40	7.77	26.01	5641.79	351.18
106.80	503.00	1000.00	1000.00	502.44	7.73	25.70	5668.20	351.18
106.90	503.00	1000.00	1000.00	503.42	7.80	26.01	5668.20	351.18
107.00	503.00	1000.00	1000.00	503.42	7.79	25.90	5668.20	351.18
107.10	503.00	1000.00	1000.00	503.42	7.79	26.06	5668.20	351.18
107.20	502.67	1000.00	1000.00	504.40	7.76	25.96	5694.59	351.18
107.30	502.67	1000.00	1000.00	503.42	7.80	26.11	5694.59	351.18
107.40	502.67	1000.00	1000.00	503.42	7.76	25.60	5694.59	351.18
107.50	502.67	1000.00	1000.00	503.42	7.80	25.96	5694.59	351.18
107.60	502.67	1000.00	1000.00	503.42	7.76	25.75	5694.59	351.18
107.70	502.67	1000.00	1000.00	503.42	7.79	25.85	5720.98	351.18
107.80	502.67	1000.00	1000.00	506.35	7.80	26.16	5720.98	351.18
107.90	502.67	1000.00	1000.00	617.79	9.40	30.92	5720.98	351.18
108.00	502.67	1000.00	1000.00	868.04	13.43	44.08	5720.98	351.18
108.10	502.67	1000.00	1000.00	998.04	15.33	50.78	5720.98	351.18
108.20	502.67	1000.00	1000.00	995.11	15.56	52.37	5747.37	351.18
108.40	502.67	1000.00	1000.00	996.09	15.56	52.22	5747.37	351.18
108.50	502.67	1000.00	1000.00	996.09	15.38	51.45	5747.37	351.18
108.60	502.67	1000.00	1000.00	996.09	15.44	51.14	5747.37	351.18
108.70	502.67	1000.00	1000.00	995.11	15.35	50.78	5773.76	351.18
108.80	502.67	1000.00	1000.00	1000.00	15.32	51.96	5773.76	351.18
108.90	502.67	1000.00	1000.00	997.07	15.55	51.96	5773.76	351.18
109.00	502.67	1000.00	1000.00	999.02	15.20	51.45	5773.76	351.18
109.10	502.67	1000.00	1000.00	997.07	15.32	51.50	5773.76	351.18
109.30	502.67	1000.00	1000.00	998.04	15.41	51.45	5800.15	351.18
109.40	502.67	1000.00	1000.00	996.09	15.12	50.07	5800.15	351.18
109.50	502.67	1000.00	1000.00	1000.00	15.40	51.40	5800.15	351.18
109.60	502.67	1000.00	1000.00	994.13	15.09	51.55	5800.15	351.18
109.70	502.33	1000.00	1000.00	1000.00	15.38	51.40	5826.52	351.18
110.00	502.33	1000.00	1000.00	996.09	15.52	50.73	5826.52	351.18
110.10	502.33	1000.00	1000.00	993.16	15.17	50.17	5826.52	351.18
110.20	502.00	1000.00	1000.00	996.09	15.41	51.55	5852.87	351.18
110.30	502.00	1000.00	1000.00	993.16	15.24	50.43	5852.87	351.18
110.50	502.00	1000.00	1000.00	1000.00	15.56	51.96	5852.87	351.18
110.60	502.00	1000.00	1000.00	999.02	15.23	50.73	5852.87	351.18
110.70	502.33	1000.00	1000.00	1000.00	15.53	51.81	5879.25	351.18
110.80	502.33	1000.00	1000.00	999.02	15.14	50.12	5879.25	351.18
110.90	502.33	1000.00	1000.00	972.63	15.38	51.25	5879.25	351.18
111.00	502.33	1000.00	1000.00	996.09	15.41	50.78	5879.25	351.18
111.10	502.33	1000.00	1000.00	978.49	15.56	51.91	5879.25	351.18
111.30	502.33	1000.00	1000.00	1000.00	15.56	51.96	5905.62	351.18
111.40	502.33	1000.00	1000.00	996.09	15.55	51.96	5905.62	351.18
111.50	502.33	1000.00	1000.00	1000.00	15.50	51.71	5905.62	351.18
111.60	502.33	1000.00	1000.00	996.09	15.56	52.17	5905.62	351.18
111.70	502.33	1000.00	1000.00	995.11	15.21	50.27	5931.99	351.18
111.80	502.33	1000.00	1000.00	1000.00	15.47	51.71	5931.99	351.18
111.90	502.33	1000.00	1000.00	999.02	15.23	50.73	5931.99	351.18
112.00	502.33	1000.00	1000.00	1000.00	15.38	51.30	5931.99	351.18
112.10	502.33	1000.00	1000.00	995.11	15.09	51.71	5931.99	351.18
112.30	502.00	1000.00	1000.00	996.09	15.21	51.81	5958.35	351.18
112.40	502.00	1000.00	1000.00	997.07	15.21	50.48	5958.35	351.18
112.50	502.00	1000.00	1000.00	995.11	15.17	51.76	5958.35	351.18
112.60	502.00	1000.00	1000.00	997.07	15.26	50.53	5958.35	351.18
112.70	501.33	1000.00	1000.00	994.13	15.08	51.40	5984.67	351.18
112.80	501.33	1000.00	1000.00	998.04	15.47	51.91	5984.67	351.18
112.90	501.33	1000.00	1000.00	998.04	15.21	51.86	5984.67	351.18
113.10	501.33	1000.00	1000.00	999.02	15.14	51.30	5984.67	351.18
113.20	501.67	1000.00	1000.00	999.02	15.56	52.06	6011.00	351.18
113.30	501.67	1000.00	1000.00	999.02	15.12	51.14	6011.00	351.18
113.40	501.67	1000.00	1000.00	1000.00	15.30	51.14	6011.00	351.18
113.50	501.67	1000.00	1000.00	999.02	15.17	50.32	6011.00	351.18
113.60	501.67	1000.00	1000.00	998.04	15.38	51.35	6011.00	351.18
113.70	501.67	1000.00	1000.00	995.11	15.09	49.86	6037.34	351.18
113.80	501.67	1000.00	1000.00	1000.00	15.49	51.66	6037.34	351.18
113.90	501.67	1000.00	1000.00	995.11	15.11	51.71	6037.34	351.18
114.10	501.67	1000.00	1000.00	995.11	15.18	51.81	6037.34	351.18
114.20	502.00	1000.00	1000.00	997.07	15.18	50.38	6063.70	351.18
114.30	502.00	1000.00	1000.00	995.11	15.15	51.86	6063.70	351.18
114.40	502.00	1000.00	1000.00	996.09	15.15	50.22	6063.70	351.18
114.50	502.00	1000.00	1000.00	996.09	15.09	51.25	6063.70	351.18
114.60	502.00	1000.00	1000.00	998.04	15.37	51.50	6063.70	351.18
114.80	502.00	1000.00	1000.00	998.04	15.33	51.19	6090.05	351.18
114.90	502.00	1000.00	1000.00	999.02	15.20	51.76	6090.05	351.18
115.00	502.00	1000.00	1000.00	1000.00	15.55	51.96	6090.05	351.18
115.10	502.00	1000.00	1000.00	998.04	15.29	49.97	6090.05	351.18
115.20	502.00	1000.00	1000.00	999.02	15.32	51.25	6116.41	351.18
115.40	502.00	1000.00	1000.00	999.02	15.38	51.30	6116.41	351.18
115.50	502.00	1000.00	1000.00	996.09	15.09	49.97	6116.41	351.18
115.60	502.00	1000.00	1000.00	1000.00	15.37	51.25	6116.41	351.18
115.70	502.00	1000.00	1000.00	996.09	15.09	51.71	6142.76	351.18
115.90	502.00	1000.00	1000.00	995.11	15.15	51.60	6142.76	351.18
116.00	502.00	1000.00	1000.00	995.11	15.17	50.43	6142.76	351.18
116.10	502.00	1000.00	1000.00	996.09	15.46	51.50	6142.76	351.18
116.30	504.67	1000.00	1000.00	997.07	15.27	50.94	6169.26	351.18
116.40	504.67	1000.00	1000.00	1000.00	15.44	51.81	6169.26	351.18
116.50	504.67	1000.00	1000.00	997.07	15.46	52.17	6169.26	351.18
116.60	504.67	1000.00	1000.00	973.61	15.33	50.78	6169.26	351.18
116.70	528.33	1000.00	1000.00	997.07	15.38	50.17	6196.99	351.18
116.80	528.33	1000.00	1000.00	998.04	15.50	51.81	6196.99	351.18
117.00	528.33	1000.00	1000.00	996.09	15.32	51.19	6196.99	351.18
117.10	528.33	1000.00	1000.00	995.11	14.97	49.76	6196.99	351.18
117.20	579.67	1000.00	1000.00	998.04	15.44	51.66	6227.43	351.18
117.30	579.67	1000.00	1000.00	995.11	14.97	49.61	6227.43	351.18
117.40	579.67	1000.00	1000.00	1000.00	15.44	51.40	6227.43	351.18
117.60	579.67	1000.00	1000.00	999.02	15.44	51.50	6227.43	351.18
117.70	649.33	1000.00	1000.00	995.11	15.56	52.37	6261.52	351.18
117.80	649.33	1000.00	1000.00	998.04	15.30	50.73	6261.52	351.18
118.00	649.33	1000.00	1000.00	997.07	15.14	50.17	6261.52	351.18
118.10	649.33	1000.00	1000.00	993.16	15.56	51.81	6261.52	351.18
118.20	728.33	1000.00	1000.00	995.11	15.26	50.43	6299.75	351.18
118.30	728.33	1000.00	1000.00	995.11	15.33	50.89	6299.75	351.18
118.40	728.33	1000.00	1000.00	996.09	15.53	51.86	6299.75	351.18
118.50	728.33	1000.00	1000.00	1000.00	15.38	51.55	6299.75	351.18
118.60	728.33	1000.00	1000.00	997.07	15.56	51.86	6299.75	351.18
118.70	810.00	1000.00	1000.00	999.02	15.20	51.35	6342.28	351.18
118.80	810.00	1000.00	1000.00	999.02	15.29	51.04	6342.28	351.18
118.90	810.00	1000.00	1000.00	995.11	15.09	49.76	6342.28	351.18
119.00	810.00	1000.00	1000.00	999.02	15.32	51.19	6342.28	351.18
119.10	810.00	1000.00	1000.00	995.11	15.09	49.45	6342.28	351.18
119.20	889.33	1000.00	1000.00	1000.00	15.41	51.45	6388.97	351.18
119.30	889.33	1000.00	1000.00	996.09	15.09	51.35	6388.97	351.18
119.40	889.33	1000.00	1000.00	1000.00	15.43	51.45	6388.97	351.18
119.50	889.33	1000.00	1000.00	994.13	15.56	52.32	6388.97	351.18
119.60	889.33	1000.00	1000.00	997.07	15.23	50.38	6388.97	351.18
119.70	947.67	1000.00	1000.00	995.11	15.50	51.71	6438.72	351.18
119.90	947.67	1000.00	1000.00	995.11	15.33	50.84	6438.72	351.18
120.00	947.67	1000.00	1000.00	996.09	15.49	51.66	6438.72	351.18
120.10	947.67	1000.00	1000.00	993.16	15.56	51.76	6438.72	351.18
120.20	978.00	1000.00	1000.00	997.07	15.56	51.96	6490.07	351.18
120.40	978.00	1000.00	1000.00	996.09	15.50	52.06	6490.07	351.18
120.50	978.00	1000.00	1000.00	999.02	15.20	51.45	6490.07	351.18
120.70	990.67	1000.00	1000.00	995.11	14.97	49.56	6542.08	351.18
120.80	990.67	1000.00	1000.00	1000.00	15.44	51.66	6542.08	351.18
120.90	990.67	1000.00	1000.00	997.07	15.27	49.97	6542.08	351.18
121.00	990.67	1000.00	1000.00	1000.00	15.38	51.45	6542.08	351.18
121.10	990.67	1000.00	1000.00	996.09	15.49	50.73	6542.08	351.18
121.20	994.00	1000.00	1000.00	1000.00	15.41	51.35	6594.26	351.18
121.30	994.00	1000.00	1000.00	996.09	15.53	50.53	6594.26	351.18
121.40	994.00	1000.00	1000.00	999.02	15.50	51.86	6594.26	351.18
121.60	994.00	1000.00	1000.00	995.11	15.17	49.91	6594.26	351.18
121.70	994.67	1000.00	1000.00	995.11	15.38	50.02	6646.48	351.18
121.80	994.67	1000.00	1000.00	1000.00	15.41	51.76	6646.48	351.18
121.90	994.67	1000.00	1000.00	998.04	15.41	50.73	6646.48	351.18
122.10	994.67	1000.00	1000.00	999.02	15.21	51.55	6646.48	351.18
122.20	994.67	1000.00	1000.00	988.27	15.50	51.76	6698.70	351.18
122.30	994.67	1000.00	1000.00	1000.00	15.14	50.94	6698.70	351.18
122.40	994.67	1000.00	1000.00	998.04	15.33	51.30	6698.70	351.18
122.60	994.67	1000.00	1000.00	1000.00	15.35	51.14	6698.70	351.18
122.80	994.67	1000.00	1000.00	1000.00	15.38	51.35	6750.92	351.18
122.90	994.67	1000.00	1000.00	996.09	15.09	51.40	6750.92	351.18
123.00	994.67	1000.00	1000.00	976.54	15.43	51.66	6750.92	351.18
123.10	994.67	1000.00	1000.00	996.09	15.50	50.99	6750.92	351.18
123.20	994.67	1000.00	1000.00	995.11	15.18	50.63	6803.14	351.18
123.30	994.67	1000.00	1000.00	996.09	15.33	51.30	6803.14	351.18
123.40	994.67	1000.00	1000.00	996.09	15.12	50.07	6803.14	351.18
123.50	994.67	1000.00	1000.00	996.09	15.09	51.14	6803.14	351.18
123.60	994.67	1000.00	1000.00	999.02	15.43	51.60	6803.14	351.18
123.70	995.00	1000.00	1000.00	997.07	15.15	51.66	6855.38	351.18
123.80	995.00	1000.00	1000.00	998.04	15.55	51.96	6855.38	351.18
124.00	995.00	1000.00	1000.00	998.04	15.52	51.81	6855.38	351.18
124.10	995.00	1000.00	1000.00	999.02	15.12	50.94	6855.38	351.18
124.20	994.67	1000.00	1000.00	1000.00	15.35	51.45	6907.60	351.18
124.30	994.67	1000.00	1000.00	996.09	15.44	49.97	6907.60	351.18
124.40	994.67	1000.00	1000.00	1000.00	15.53	52.01	6907.60	351.18
124.50	994.67	1000.00	1000.00	996.09	15.46	50.38	6907.60	351.18
124.60	994.67	1000.00	1000.00	996.09	15.08	51.25	6907.60	351.18
124.80	995.67	1000.00	1000.00	1000.00	15.56	51.66	6959.87	351.18
124.90	995.67	1000.00	1000.00	997.07	15.50	51.81	6959.87	351.18
125.00	995.67	1000.00	1000.00	985.34	15.18	50.22	6959.87	351.18
125.10	995.67	1000.00	1000.00	997.07	15.49	51.76	6959.87	351.18
125.30	996.33	1000.00	1000.00	1000.00	15.53	51.71	7012.18	351.18
125.40	996.33	1000.00	1000.00	996.09	15.08	51.86	7012.18	351.18
125.50	996.33	1000.00	1000.00	1000.00	15.47	51.71	7012.18	351.18
125.60	996.33	1000.00	1000.00	996.09	15.21	52.06	7012.18	351.18
125.70	997.33	1000.00	1000.00	995.11	15.18	50.43	7064.54	351.18
125.90	997.33	1000.00	1000.00	994.13	15.18	50.32	7064.54	351.18
126.10	997.33	1000.00	1000.00	973.61	15.44	51.71	7064.54	351.18
126.20	998.00	1000.00	1000.00	999.02	15.50	51.96	7116.93	351.18
126.30	998.00	1000.00	1000.00	997.07	15.46	50.58	7116.93	351.18
126.40	998.00	1000.00	1000.00	996.09	15.30	50.89	7116.93	351.18
126.60	998.00	1000.00	1000.00	997.07	15.24	50.48	7116.93	351.18
126.70	998.67	1000.00	1000.00	996.09	15.02	51.30	7169.37	351.18
126.80	998.67	1000.00	1000.00	998.04	15.44	51.60	7169.37	351.18
127.00	998.67	1000.00	1000.00	998.04	15.56	52.17	7169.37	351.18
127.10	998.67	1000.00	1000.00	999.02	15.23	51.76	7169.37	351.18
127.20	999.33	1000.00	1000.00	1000.00	15.52	51.81	7221.83	351.18
127.30	999.33	1000.00	1000.00	997.07	15.15	50.73	7221.83	351.18
127.40	999.33	1000.00	1000.00	992.18	15.43	51.45	7221.83	351.18
127.50	999.33	1000.00	1000.00	996.09	15.49	50.78	7221.83	351.18
127.60	999.33	1000.00	1000.00	978.49	15.56	52.37	7221.83	351.18
127.70	999.33	1000.00	1000.00	996.09	15.37	51.30	7274.29	351.18
127.80	999.33	1000.00	1000.00	996.09	15.33	51.30	7274.29	351.18
128.00	999.33	1000.00	1000.00	1000.00	15.17	51.45	7274.29	351.18
128.10	999.33	1000.00	1000.00	998.04	15.33	51.25	7274.29	351.18
128.20	999.33	1000.00	1000.00	996.09	15.33	49.56	7326.76	351.18
128.40	999.33	1000.00	1000.00	996.09	15.43	49.97	7326.76	351.18
128.50	999.33	1000.00	1000.00	1000.00	15.44	51.35	7326.76	351.18
128.60	999.33	1000.00	1000.00	996.09	15.46	50.48	7326.76	351.18
128.70	999.33	1000.00	1000.00	1000.00	15.55	51.86	7379.22	351.18
128.80	999.33	1000.00	1000.00	997.07	15.50	51.91	7379.22	351.18
128.90	999.33	1000.00	1000.00	995.11	15.17	50.17	7379.22	351.18
129.00	999.33	1000.00	1000.00	998.04	15.44	51.55	7379.22	351.18
129.20	999.33	1000.00	1000.00	1000.00	15.41	51.35	7431.69	351.18
129.30	999.33	1000.00	1000.00	996.09	15.40	51.14	7431.69	351.18
129.40	999.33	1000.00	1000.00	997.07	15.56	52.06	7431.69	351.18
129.50	999.33	1000.00	1000.00	997.07	15.52	52.06	7431.69	351.18
129.70	999.00	1000.00	1000.00	996.09	15.50	51.81	7484.14	351.18
129.80	999.00	1000.00	1000.00	993.16	15.15	50.22	7484.14	351.18
129.90	999.00	1000.00	1000.00	998.04	15.52	51.76	7484.14	351.18
130.00	999.00	1000.00	1000.00	996.09	15.20	51.76	7484.14	351.18
130.10	999.00	1000.00	1000.00	1000.00	15.40	51.40	7484.14	351.18
130.20	999.33	1000.00	1000.00	995.11	15.33	51.76	7536.60	351.18
130.40	999.33	1000.00	1000.00	996.09	15.50	50.73	7536.60	351.18
130.50	999.33	1000.00	1000.00	991.20	15.15	50.12	7536.60	351.18
130.60	999.33	1000.00	1000.00	997.07	15.43	50.78	7536.60	351.18
130.80	999.00	1000.00	1000.00	1000.00	15.35	51.04	7589.05	351.18
130.90	999.00	1000.00	1000.00	996.09	15.14	51.66	7589.05	351.18
131.00	999.00	1000.00	1000.00	1000.00	15.44	51.66	7589.05	351.18
131.10	999.00	1000.00	1000.00	997.07	15.53	50.78	7589.05	351.18
131.20	999.33	1000.00	1000.00	993.16	15.14	50.12	7641.51	351.18
131.30	999.33	1000.00	1000.00	997.07	15.40	50.12	7641.51	351.18
131.40	999.33	1000.00	1000.00	972.63	15.47	51.55	7641.51	351.18
131.60	999.33	1000.00	1000.00	985.34	15.56	52.37	7641.51	351.18
131.70	999.00	1000.00	1000.00	997.07	15.33	50.89	7693.96	351.18
131.80	999.00	1000.00	1000.00	995.11	15.56	52.06	7693.96	351.18
131.90	999.00	1000.00	1000.00	997.07	15.23	50.58	7693.96	351.18
132.10	999.00	1000.00	1000.00	998.04	15.41	51.45	7693.96	351.18
132.20	999.33	1000.00	1000.00	997.07	15.40	51.55	7746.43	351.18
132.30	999.33	1000.00	1000.00	1000.00	15.56	52.17	7746.43	351.18
132.40	999.33	1000.00	1000.00	998.04	15.18	50.27	7746.43	351.18
132.50	999.33	1000.00	1000.00	971.65	15.56	51.71	7746.43	351.18
132.60	999.33	1000.00	1000.00	1000.00	15.44	51.30	7746.43	351.18
132.70	999.00	1000.00	1000.00	996.09	15.43	50.32	7798.87	351.18
132.80	999.00	1000.00	1000.00	999.02	15.44	51.60	7798.87	351.18
133.00	999.00	1000.00	1000.00	1000.00	15.56	52.27	7798.87	351.18
133.10	999.00	1000.00	1000.00	998.04	15.24	50.53	7798.87	351.18
133.20	999.00	1000.00	1000.00	971.65	15.50	51.81	7851.32	351.18
133.30	999.00	1000.00	1000.00	998.04	15.27	50.53	7851.32	351.18
133.40	999.00	1000.00	1000.00	996.09	15.08	51.35	7851.32	351.18
133.50	999.00	1000.00	1000.00	998.04	15.44	51.60	7851.32	351.18
133.70	999.00	1000.00	1000.00	969.70	15.56	52.17	7903.77	351.18
133.80	999.00	1000.00	1000.00	997.07	15.33	50.94	7903.77	351.18
133.90	999.00	1000.00	1000.00	995.11	15.11	51.55	7903.77	351.18
134.00	999.00	1000.00	1000.00	995.11	15.26	50.43	7903.77	351.18
134.10	999.00	1000.00	1000.00	996.09	15.52	51.55	7903.77	351.18
134.30	999.00	1000.00	1000.00	997.07	15.47	51.81	7956.21	351.18
134.40	999.00	1000.00	1000.00	973.61	15.56	52.37	7956.21	351.18
134.50	999.00	1000.00	1000.00	998.04	15.33	50.89	7956.21	351.18
134.60	999.00	1000.00	1000.00	996.09	15.17	51.76	7956.21	351.18
134.70	999.00	1000.00	1000.00	995.11	15.17	50.12	8008.66	351.18
134.90	999.00	1000.00	1000.00	992.18	15.46	51.66	8008.66	351.18
135.00	999.00	1000.00	1000.00	999.02	15.44	50.78	8008.66	351.18
135.10	999.00	1000.00	1000.00	995.11	15.56	52.37	8008.66	351.18
135.20	999.00	1000.00	1000.00	997.07	15.27	50.99	8061.11	351.18
135.40	999.00	1000.00	1000.00	993.16	15.14	50.02	8061.11	351.18
135.50	999.00	1000.00	1000.00	998.04	15.41	51.19	8061.11	351.18
135.60	999.00	1000.00	1000.00	995.11	15.08	51.55	8061.11	351.18
135.70	999.00	1000.00	1000.00	1000.00	15.38	51.35	8113.56	351.18
135.80	999.00	1000.00	1000.00	996.09	15.55	52.01	8113.56	351.18
135.90	999.00	1000.00	1000.00	999.02	15.56	51.96	8113.56	351.18
136.00	999.00	1000.00	1000.00	996.09	15.50	51.60	8113.56	351.18
136.10	999.00	1000.00	1000.00	995.11	15.24	50.17	8113.56	351.18
136.20	999.00	1000.00	1000.00	1000.00	15.44	51.60	8166.00	351.18
136.30	999.00	1000.00	1000.00	996.09	15.40	50.53	8166.00	351.18
136.40	999.00	1000.00	1000.00	1000.00	15.32	51.25	8166.00	351.18
136.50	999.00	1000.00	1000.00	996.09	15.50	51.91	8166.00	351.18
136.60	999.00	1000.00	1000.00	995.11	15.09	49.76	8166.00	351.18
136.70	999.00	1000.00	1000.00	1000.00	15.38	51.35	8218.45	351.18
136.80	999.00	1000.00	1000.00	996.09	15.44	50.78	8218.45	351.18
136.90	999.00	1000.00	1000.00	1000.00	15.56	52.06	8218.45	351.18
137.00	999.00	1000.00	1000.00	997.07	15.56	51.96	8218.45	351.18
137.20	999.00	1000.00	1000.00	1000.00	15.56	52.01	8270.90	351.18
137.30	999.00	1000.00	1000.00	996.09	15.47	50.78	8270.90	351.18
137.40	999.00	1000.00	1000.00	995.11	15.33	50.94	8270.90	351.18
137.50	999.00	1000.00	1000.00	993.16	15.33	50.78	8270.90	351.18
137.60	999.00	1000.00	1000.00	999.02	15.23	51.76	8270.90	351.18
137.70	999.33	1000.00	1000.00	1000.00	15.53	51.81	8323.36	351.18
137.80	999.33	1000.00	1000.00	999.02	15.15	50.02	8323.36	351.18
137.90	999.33	1000.00	1000.00	973.61	15.56	51.76	8323.36	351.18
138.00	999.33	1000.00	1000.00	996.09	15.53	51.81	8323.36	351.18
138.20	999.00	1000.00	1000.00	998.04	15.56	52.12	8375.81	351.18
138.30	999.00	1000.00	1000.00	999.02	15.27	50.73	8375.81	351.18
138.40	999.00	1000.00	1000.00	969.70	15.50	51.96	8375.81	351.18
138.60	999.00	1000.00	1000.00	996.09	15.08	51.50	8375.81	351.18
138.70	999.33	1000.00	1000.00	998.04	15.52	52.01	8428.28	351.18
138.80	999.33	1000.00	1000.00	998.04	15.33	50.73	8428.28	351.18
138.90	999.33	1000.00	1000.00	969.70	15.44	51.50	8428.28	351.18
139.00	999.33	1000.00	1000.00	1000.00	15.56	51.96	8428.28	351.18
139.10	999.33	1000.00	1000.00	996.09	15.56	50.73	8428.28	351.18
139.20	999.00	1000.00	1000.00	995.11	15.18	50.22	8480.72	351.18
139.30	999.00	1000.00	1000.00	997.07	15.44	50.12	8480.72	351.18
139.50	999.00	1000.00	1000.00	1000.00	15.49	51.81	8480.72	351.18
139.60	999.00	1000.00	1000.00	995.11	15.23	52.17	8480.72	351.18
139.70	999.33	1000.00	1000.00	994.13	15.21	50.53	8533.19	351.18
139.80	999.33	1000.00	1000.00	996.09	15.52	50.43	8533.19	351.18
